job_1430862599618_0035;attempt_1430862599618_0035_m_000002_0_9;;4.71736279013e-09;37;37;710;200;YarnChild;0;32;33191401676;30225208567
job_1430862599618_0035;attempt_1430862599618_0035_m_000000_0_8;;4.19321136901e-09;34;34;709;200;YarnChild;0;32;33191401676;30225208567
job_1430862599618_0035;attempt_1430862599618_0035_m_000006_0_11;;5.41623135163e-09;37;37;710;200;YarnChild;0;32;33191401676;30225208567
job_1430862599618_0035;attempt_1430862599618_0035_m_000013_0_15;;3.31962566713e-09;28;28;707;200;YarnChild;0;32;33191401676;30225208567
job_1430862599618_0035;attempt_1430862599618_0035_m_000012_0_14;;2.795474246e-09;24;24;705;200;YarnChild;0;32;33191401676;30225208567
job_1430862599618_0035;attempt_1430862599618_0035_m_000005_0_10;;2.795474246e-09;23;23;705;200;YarnChild;0;32;33191401676;30225208567
job_1430862599618_0035;attempt_1430862599618_0035_m_000008_0_12;;1.92188854413e-09;24;24;704;200;YarnChild;0;32;33191401676;30225208567
job_1430862599618_0035;attempt_1430862599618_0035_m_000009_0_13;;2.44603996525e-09;23;23;704;200;YarnChild;0;32;33191401676;30225208567
job_1430862599618_0035;attempt_1430862599618_0035_m_000002_0_9;;15.0555555556;149;37;768;200;YarnChild;0;152;33191453558;30225260460
job_1430862599618_0035;attempt_1430862599618_0035_m_000000_0_8;;12.6388888889;136;34;767;200;YarnChild;0;128;33191453558;30225260460
job_1430862599618_0035;attempt_1430862599618_0035_m_000006_0_11;;12.0555555556;139;37;767;200;YarnChild;0;36;33191453558;30225260460
job_1430862599618_0035;attempt_1430862599618_0035_m_000013_0_15;;12.6944444444;139;28;784;200;YarnChild;0;36;33191453809;30225261244
job_1430862599618_0035;attempt_1430862599618_0035_m_000012_0_14;;12.9166666667;137;24;767;200;YarnChild;0;36;33191453809;30225261244
job_1430862599618_0035;attempt_1430862599618_0035_m_000005_0_10;;12.25;137;23;767;200;YarnChild;0;36;33191453809;30225261244
job_1430862599618_0035;attempt_1430862599618_0035_m_000008_0_12;;12.4722222222;134;24;767;200;YarnChild;0;48;33191453809;30225261244
job_1430862599618_0035;attempt_1430862599618_0035_m_000009_0_13;;12.75;135;23;767;200;YarnChild;0;36;33191453809;30225261244
job_1430862599618_0035;attempt_1430862599618_0035_m_000002_0_9;;10.9166666667;252;37;773;200;YarnChild;0;152;33196595918;30230393979
job_1430862599618_0035;attempt_1430862599618_0035_m_000000_0_8;;9.58333333333;198;34;772;200;YarnChild;0;152;33196595918;30230393979
job_1430862599618_0035;attempt_1430862599618_0035_m_000006_0_11;;10.3333333333;148;37;768;200;YarnChild;0;152;33196595918;30230393979
job_1430862599618_0035;attempt_1430862599618_0035_m_000013_0_15;;10.8333333333;153;28;786;200;YarnChild;0;152;33196595918;30230393979
job_1430862599618_0035;attempt_1430862599618_0035_m_000012_0_14;;10.75;150;24;771;200;YarnChild;0;152;33196595918;30230393979
job_1430862599618_0035;attempt_1430862599618_0035_m_000005_0_10;;10.0833333333;148;23;768;200;YarnChild;0;152;33196595918;30230393979
job_1430862599618_0035;attempt_1430862599618_0035_m_000008_0_12;;10.4166666667;148;24;771;200;YarnChild;0;152;33196595970;30230394031
job_1430862599618_0035;attempt_1430862599618_0035_m_000009_0_13;;11.0833333333;147;23;771;200;YarnChild;0;152;33196595970;30230394031
job_1430862599618_0035;attempt_1430862599618_0035_m_000002_0_9;;12.0;256;37;773;200;YarnChild;0;152;33242411107;30276194354
job_1430862599618_0035;attempt_1430862599618_0035_m_000000_0_8;;11.1666666667;251;34;773;200;YarnChild;0;152;33242411107;30276194354
job_1430862599618_0035;attempt_1430862599618_0035_m_000006_0_11;;9.33333333333;252;37;773;200;YarnChild;0;152;33242476694;30276259941
job_1430862599618_0035;attempt_1430862599618_0035_m_000013_0_15;;10.1666666667;255;28;790;200;YarnChild;0;152;33242604964;30276388211
job_1430862599618_0035;attempt_1430862599618_0035_m_000012_0_14;;9.58333333333;252;24;773;200;YarnChild;0;152;33242604964;30276388211
job_1430862599618_0035;attempt_1430862599618_0035_m_000005_0_10;;10.6666666667;252;23;773;200;YarnChild;0;152;33242667647;30276450894
job_1430862599618_0035;attempt_1430862599618_0035_m_000008_0_12;;10.8333333333;249;24;773;200;YarnChild;0;152;33242667647;30276450894
job_1430862599618_0035;attempt_1430862599618_0035_m_000009_0_13;;10.4166666667;249;23;773;200;YarnChild;0;152;33242667647;30276450894
job_1430862599618_0035;attempt_1430862599618_0035_m_000002_0_9;;11.75;254;37;773;200;YarnChild;0;152;33359731075;30393516123
job_1430862599618_0035;attempt_1430862599618_0035_m_000000_0_8;;12.0;253;34;773;200;YarnChild;0;152;33360309690;30394094738
job_1430862599618_0035;attempt_1430862599618_0035_m_000006_0_11;;12.0;255;37;773;200;YarnChild;0;152;33360309690;30394094738
job_1430862599618_0035;attempt_1430862599618_0035_m_000013_0_15;;11.8;258;28;790;200;YarnChild;0;152;33360309690;30394094738
job_1430862599618_0035;attempt_1430862599618_0035_m_000012_0_14;;11.8;255;24;773;200;YarnChild;0;152;33360309742;30394094790
job_1430862599618_0035;attempt_1430862599618_0035_m_000005_0_10;;11.7;254;23;773;200;YarnChild;0;152;33360309742;30394094790
job_1430862599618_0035;attempt_1430862599618_0035_m_000008_0_12;;11.65;252;24;773;200;YarnChild;0;152;33360309742;30394094790
job_1430862599618_0035;attempt_1430862599618_0035_m_000009_0_13;;11.9;252;23;773;200;YarnChild;0;152;33360631869;30394416917
job_1430862599618_0035;attempt_1430862599618_0035_m_000002_0_9;;15.375;254;37;773;200;YarnChild;0;172;33404197337;30437977719
job_1430862599618_0035;attempt_1430862599618_0035_m_000000_0_8;;15.875;253;34;773;200;YarnChild;0;172;33404197337;30437977719
job_1430862599618_0035;attempt_1430862599618_0035_m_000006_0_11;;15.125;254;37;773;200;YarnChild;0;176;33404260176;30438040638
job_1430862599618_0035;attempt_1430862599618_0035_m_000013_0_15;;15.625;258;28;790;200;YarnChild;0;176;33404260176;30438040638
job_1430862599618_0035;attempt_1430862599618_0035_m_000012_0_14;;15.875;254;24;773;200;YarnChild;0;172;33404260176;30438040638
job_1430862599618_0035;attempt_1430862599618_0035_m_000005_0_10;;16.375;254;23;773;200;YarnChild;0;176;33404325867;30438106329
job_1430862599618_0035;attempt_1430862599618_0035_m_000008_0_12;;16.0;252;24;773;200;YarnChild;0;172;33404325867;30438106329
job_1430862599618_0035;attempt_1430862599618_0035_m_000009_0_13;;16.375;252;23;773;200;YarnChild;0;172;33404325867;30438106329
job_1430862599618_0035;attempt_1430862599618_0035_m_000002_0_9;;10.5833333333;254;37;773;200;YarnChild;0;172;33415139439;30448916254
job_1430862599618_0035;attempt_1430862599618_0035_m_000000_0_8;;10.4166666667;253;34;773;200;YarnChild;0;172;33415139439;30448916254
job_1430862599618_0035;attempt_1430862599618_0035_m_000006_0_11;;10.25;254;37;773;200;YarnChild;0;176;33415139439;30448916254
job_1430862599618_0035;attempt_1430862599618_0035_m_000013_0_15;;9.83333333333;258;28;790;200;YarnChild;0;176;33415146967;30448923782
job_1430862599618_0035;attempt_1430862599618_0035_m_000012_0_14;;10.0833333333;254;24;773;200;YarnChild;0;172;33415146967;30448923782
job_1430862599618_0035;attempt_1430862599618_0035_m_000005_0_10;;10.3333333333;254;23;773;200;YarnChild;0;176;33415146967;30448923782
job_1430862599618_0035;attempt_1430862599618_0035_m_000008_0_12;;10.5;252;24;773;200;YarnChild;0;172;33415146967;30448923782
job_1430862599618_0035;attempt_1430862599618_0035_m_000009_0_13;;10.3333333333;252;23;773;200;YarnChild;0;172;33415146967;30448923782
job_1430862599618_0035;attempt_1430862599618_0035_m_000002_0_9;;12.25;254;37;773;200;YarnChild;0;172;33415187681;30448958783
job_1430862599618_0035;attempt_1430862599618_0035_m_000000_0_8;;13.375;253;34;773;200;YarnChild;0;172;33415187681;30448958783
job_1430862599618_0035;attempt_1430862599618_0035_m_000006_0_11;;13.25;254;37;773;200;YarnChild;0;176;33415187681;30448958783
job_1430862599618_0035;attempt_1430862599618_0035_m_000013_0_15;;11.5;258;28;790;200;YarnChild;0;176;33415187681;30448958783
job_1430862599618_0035;attempt_1430862599618_0035_m_000012_0_14;;11.125;254;24;773;200;YarnChild;0;172;33415187681;30448958783
job_1430862599618_0035;attempt_1430862599618_0035_m_000005_0_10;;11.375;254;23;773;200;YarnChild;0;176;33415187681;30448958783
job_1430862599618_0035;attempt_1430862599618_0035_m_000008_0_12;;12.125;252;24;773;200;YarnChild;0;172;33415187681;30448958783
job_1430862599618_0035;attempt_1430862599618_0035_m_000009_0_13;;12.0;252;23;773;200;YarnChild;0;172;33415187681;30448958783
job_1430862599618_0035;attempt_1430862599618_0035_m_000002_0_9;;11.125;254;37;773;200;YarnChild;0;172;33415228088;30448994427
job_1430862599618_0035;attempt_1430862599618_0035_m_000000_0_8;;10.25;253;34;773;200;YarnChild;0;172;33415228088;30448994427
job_1430862599618_0035;attempt_1430862599618_0035_m_000006_0_11;;13.0;254;37;773;200;YarnChild;0;176;33415228088;30448994427
job_1430862599618_0035;attempt_1430862599618_0035_m_000013_0_15;;10.5;258;28;790;200;YarnChild;0;176;33415228088;30448994427
job_1430862599618_0035;attempt_1430862599618_0035_m_000012_0_14;;10.75;254;24;773;200;YarnChild;0;172;33415228088;30448994427
job_1430862599618_0035;attempt_1430862599618_0035_m_000005_0_10;;10.125;254;23;773;200;YarnChild;0;176;33415228088;30448994427
job_1430862599618_0035;attempt_1430862599618_0035_m_000008_0_12;;10.75;252;24;773;200;YarnChild;0;172;33415228088;30448994427
job_1430862599618_0035;attempt_1430862599618_0035_m_000009_0_13;;10.25;252;23;773;200;YarnChild;0;172;33415228088;30448994427
job_1430862599618_0035;attempt_1430862599618_0035_m_000002_0_9;;20.0;255;37;773;200;YarnChild;0;336;33415267789;30449027251
job_1430862599618_0035;attempt_1430862599618_0035_m_000000_0_8;;19.75;253;34;773;200;YarnChild;0;172;33415267789;30449027251
job_1430862599618_0035;attempt_1430862599618_0035_m_000006_0_11;;20.0;254;37;773;200;YarnChild;0;176;33415267789;30449027251
job_1430862599618_0035;attempt_1430862599618_0035_m_000013_0_15;;22.5;258;28;790;200;YarnChild;0;176;33415267789;30449027251
job_1430862599618_0035;attempt_1430862599618_0035_m_000012_0_14;;19.75;254;24;773;200;YarnChild;0;172;33415267789;30449027251
job_1430862599618_0035;attempt_1430862599618_0035_m_000005_0_10;;22.25;254;23;773;200;YarnChild;0;176;33415267789;30449027251
job_1430862599618_0035;attempt_1430862599618_0035_m_000008_0_12;;20.5;252;24;773;200;YarnChild;0;172;33415267789;30449027251
job_1430862599618_0035;attempt_1430862599618_0035_m_000009_0_13;;20.75;252;23;773;200;YarnChild;0;172;33415267789;30449027251
job_1430862599618_0035;attempt_1430862599618_0035_m_000002_0_9;;10.125;255;37;773;200;YarnChild;0;1636;33415308423;30449064703
job_1430862599618_0035;attempt_1430862599618_0035_m_000000_0_8;;10.875;253;34;773;200;YarnChild;0;184;33415308423;30449064703
job_1430862599618_0035;attempt_1430862599618_0035_m_000006_0_11;;11.5;254;37;773;200;YarnChild;0;176;33415308423;30449064703
job_1430862599618_0035;attempt_1430862599618_0035_m_000013_0_15;;10.75;258;28;790;200;YarnChild;0;176;33415308423;30449064703
job_1430862599618_0035;attempt_1430862599618_0035_m_000012_0_14;;12.0;254;24;773;200;YarnChild;0;172;33415308423;30449064703
job_1430862599618_0035;attempt_1430862599618_0035_m_000005_0_10;;10.875;254;23;773;200;YarnChild;0;180;33415308423;30449064703
job_1430862599618_0035;attempt_1430862599618_0035_m_000008_0_12;;11.0;252;24;773;200;YarnChild;0;216;33415308423;30449064703
job_1430862599618_0035;attempt_1430862599618_0035_m_000009_0_13;;11.75;252;23;773;200;YarnChild;0;176;33415308423;30449064703
job_1430862599618_0035;attempt_1430862599618_0035_m_000002_0_9;;12.25;255;37;773;200;YarnChild;0;2640;33418287059;30452037049
job_1430862599618_0035;attempt_1430862599618_0035_m_000000_0_8;;12.5;253;34;773;200;YarnChild;0;1332;33418287059;30452037049
job_1430862599618_0035;attempt_1430862599618_0035_m_000006_0_11;;12.625;255;37;773;200;YarnChild;0;240;33418287059;30452037049
job_1430862599618_0035;attempt_1430862599618_0035_m_000013_0_15;;12.5;258;28;790;200;YarnChild;0;980;33418287059;30452037049
job_1430862599618_0035;attempt_1430862599618_0035_m_000012_0_14;;13.25;254;24;773;200;YarnChild;0;316;33418287059;30452037049
job_1430862599618_0035;attempt_1430862599618_0035_m_000005_0_10;;11.75;254;23;773;200;YarnChild;0;1088;33418287059;30452037049
job_1430862599618_0035;attempt_1430862599618_0035_m_000008_0_12;;12.125;252;24;773;200;YarnChild;0;2012;33418287059;30452037049
job_1430862599618_0035;attempt_1430862599618_0035_m_000009_0_13;;11.875;252;23;773;200;YarnChild;0;1036;33418287059;30452037049
job_1430862599618_0035;attempt_1430862599618_0035_m_000002_0_9;;12.0;255;37;773;200;YarnChild;0;2640;33429963990;30463708802
job_1430862599618_0035;attempt_1430862599618_0035_m_000000_0_8;;13.125;253;34;773;200;YarnChild;0;3604;33429963990;30463708802
job_1430862599618_0035;attempt_1430862599618_0035_m_000006_0_11;;12.875;255;37;773;200;YarnChild;0;2352;33429963990;30463708802
job_1430862599618_0035;attempt_1430862599618_0035_m_000013_0_15;;13.25;258;28;790;200;YarnChild;0;2696;33429963990;30463708802
job_1430862599618_0035;attempt_1430862599618_0035_m_000012_0_14;;13.625;254;24;773;200;YarnChild;0;3016;33429963990;30463708802
job_1430862599618_0035;attempt_1430862599618_0035_m_000005_0_10;;13.5;254;23;773;200;YarnChild;0;2912;33429963990;30463708802
job_1430862599618_0035;attempt_1430862599618_0035_m_000008_0_12;;14.0;252;24;773;200;YarnChild;0;3316;33429963990;30463708802
job_1430862599618_0035;attempt_1430862599618_0035_m_000009_0_13;;12.75;252;23;773;200;YarnChild;0;2676;33429963990;30463708802
job_1430862599618_0035;attempt_1430862599618_0035_m_000002_0_9;;11.125;255;37;773;200;YarnChild;0;2644;33471739037;30505480010
job_1430862599618_0035;attempt_1430862599618_0035_m_000000_0_8;;12.0;253;34;773;200;YarnChild;0;3604;33471739037;30505480010
job_1430862599618_0035;attempt_1430862599618_0035_m_000006_0_11;;12.125;255;37;773;200;YarnChild;0;4404;33471739037;30505480010
job_1430862599618_0035;attempt_1430862599618_0035_m_000013_0_15;;12.375;258;28;790;200;YarnChild;0;3108;33471739037;30505480010
job_1430862599618_0035;attempt_1430862599618_0035_m_000012_0_14;;13.125;250;24;773;200;YarnChild;0;4496;33471739037;30505480010
job_1430862599618_0035;attempt_1430862599618_0035_m_000005_0_10;;9.5;254;23;773;200;YarnChild;0;2912;33471739037;30505480010
job_1430862599618_0035;attempt_1430862599618_0035_m_000008_0_12;;9.25;252;24;773;200;YarnChild;0;3316;33471739037;30505480010
job_1430862599618_0035;attempt_1430862599618_0035_m_000009_0_13;;12.75;252;23;773;200;YarnChild;0;2756;33471739037;30505480010
job_1430862599618_0035;attempt_1430862599618_0035_m_000002_0_9;;10.625;255;37;773;200;YarnChild;0;2644;33523247401;30556980618
job_1430862599618_0035;attempt_1430862599618_0035_m_000000_0_8;;10.5;253;34;773;200;YarnChild;0;3604;33523629307;30557362524
job_1430862599618_0035;attempt_1430862599618_0035_m_000006_0_11;;11.25;255;37;773;200;YarnChild;0;4404;33523629307;30557362524
job_1430862599618_0035;attempt_1430862599618_0035_m_000013_0_15;;12.25;258;28;790;200;YarnChild;0;3108;33523694894;30557428111
job_1430862599618_0035;attempt_1430862599618_0035_m_000012_0_14;;12.25;252;24;773;200;YarnChild;0;4496;33523694894;30557428111
job_1430862599618_0035;attempt_1430862599618_0035_m_000005_0_10;;10.625;254;23;773;200;YarnChild;0;2912;33524270605;30558003822
job_1430862599618_0035;attempt_1430862599618_0035_m_000008_0_12;;10.125;252;24;773;200;YarnChild;0;3316;33524270605;30558003822
job_1430862599618_0035;attempt_1430862599618_0035_m_000009_0_13;;12.25;252;23;773;200;YarnChild;0;2756;33524270605;30558003822
job_1430862599618_0035;attempt_1430862599618_0035_m_000002_0_9;;9.0;255;37;773;200;YarnChild;0;2644;33550917330;30584645901
job_1430862599618_0035;attempt_1430862599618_0035_m_000000_0_8;;9.375;253;34;773;200;YarnChild;0;3608;33550980065;30584708636
job_1430862599618_0035;attempt_1430862599618_0035_m_000006_0_11;;10.5;255;37;773;200;YarnChild;0;4404;33550980065;30584708636
job_1430862599618_0035;attempt_1430862599618_0035_m_000013_0_15;;8.75;258;28;790;200;YarnChild;0;3112;33550980065;30584708636
job_1430862599618_0035;attempt_1430862599618_0035_m_000012_0_14;;8.75;254;24;773;200;YarnChild;0;4500;33550980065;30584708636
job_1430862599618_0035;attempt_1430862599618_0035_m_000005_0_10;;8.5;254;23;773;200;YarnChild;0;2916;33551171018;30584899589
job_1430862599618_0035;attempt_1430862599618_0035_m_000008_0_12;;8.5;252;24;773;200;YarnChild;0;3320;33551236605;30584965176
job_1430862599618_0035;attempt_1430862599618_0035_m_000009_0_13;;8.875;252;23;773;200;YarnChild;0;2760;33551236605;30584965176
job_1430862599618_0035;attempt_1430862599618_0035_m_000002_0_9;;18.0;255;37;773;200;YarnChild;0;2644;33565888284;30599608622
job_1430862599618_0035;attempt_1430862599618_0035_m_000000_0_8;;18.5;254;34;773;200;YarnChild;0;3608;33565888284;30599608622
job_1430862599618_0035;attempt_1430862599618_0035_m_000006_0_11;;18.0;255;37;773;200;YarnChild;0;4408;33565888284;30599608622
job_1430862599618_0035;attempt_1430862599618_0035_m_000013_0_15;;19.0;258;28;790;200;YarnChild;0;3112;33566207120;30599927458
job_1430862599618_0035;attempt_1430862599618_0035_m_000012_0_14;;17.75;254;24;773;200;YarnChild;0;4500;33566207120;30599927458
job_1430862599618_0035;attempt_1430862599618_0035_m_000005_0_10;;18.0;253;23;773;200;YarnChild;0;2916;33566207120;30599927458
job_1430862599618_0035;attempt_1430862599618_0035_m_000008_0_12;;17.0;252;24;773;200;YarnChild;0;3320;33566207120;30599927458
job_1430862599618_0035;attempt_1430862599618_0035_m_000009_0_13;;18.5;252;23;773;200;YarnChild;0;2760;33566207120;30599927458
job_1430862599618_0035;attempt_1430862599618_0035_m_000002_0_9;;9.125;255;37;773;200;YarnChild;0;2644;33570747917;30604463711
job_1430862599618_0035;attempt_1430862599618_0035_m_000000_0_8;;8.875;254;34;773;200;YarnChild;0;3608;33570747917;30604463711
job_1430862599618_0035;attempt_1430862599618_0035_m_000006_0_11;;8.875;255;37;773;200;YarnChild;0;4408;33570747917;30604463711
job_1430862599618_0035;attempt_1430862599618_0035_m_000013_0_15;;8.75;258;28;790;200;YarnChild;0;3112;33570747917;30604463711
job_1430862599618_0035;attempt_1430862599618_0035_m_000012_0_14;;7.875;254;24;773;200;YarnChild;0;4500;33570747917;30604463711
job_1430862599618_0035;attempt_1430862599618_0035_m_000005_0_10;;8.125;253;23;773;200;YarnChild;0;2916;33570747917;30604463711
job_1430862599618_0035;attempt_1430862599618_0035_m_000008_0_12;;8.5;252;24;773;200;YarnChild;0;3320;33570747917;30604463711
job_1430862599618_0035;attempt_1430862599618_0035_m_000009_0_13;;8.125;252;23;773;200;YarnChild;0;2760;33570747917;30604463711
job_1430862599618_0035;attempt_1430862599618_0035_m_000002_0_9;;17.5;255;37;773;200;YarnChild;0;2644;33571695548;30605403346
job_1430862599618_0035;attempt_1430862599618_0035_m_000000_0_8;;18.25;254;34;773;200;YarnChild;0;3608;33571695548;30605403346
job_1430862599618_0035;attempt_1430862599618_0035_m_000006_0_11;;21.75;255;37;773;200;YarnChild;0;4408;33571695548;30605403346
job_1430862599618_0035;attempt_1430862599618_0035_m_000013_0_15;;17.0;258;28;790;200;YarnChild;0;3112;33571695548;30605403346
job_1430862599618_0035;attempt_1430862599618_0035_m_000012_0_14;;19.5;254;24;773;200;YarnChild;0;4500;33571695548;30605403346
job_1430862599618_0035;attempt_1430862599618_0035_m_000005_0_10;;19.5;253;23;773;200;YarnChild;0;2916;33571695548;30605403346
job_1430862599618_0035;attempt_1430862599618_0035_m_000008_0_12;;18.25;252;24;773;200;YarnChild;0;3320;33571695548;30605403346
job_1430862599618_0035;attempt_1430862599618_0035_m_000009_0_13;;18.0;252;23;773;200;YarnChild;0;2760;33571695548;30605403346
job_1430862599618_0035;attempt_1430862599618_0035_m_000002_0_9;;8.75;255;37;773;200;YarnChild;0;2644;33571736332;30605439795
job_1430862599618_0035;attempt_1430862599618_0035_m_000000_0_8;;8.75;254;34;773;200;YarnChild;0;3608;33571736332;30605439795
job_1430862599618_0035;attempt_1430862599618_0035_m_000006_0_11;;10.5;255;37;773;200;YarnChild;0;4408;33571736332;30605439795
job_1430862599618_0035;attempt_1430862599618_0035_m_000013_0_15;;10.25;258;28;790;200;YarnChild;0;3112;33571736332;30605439795
job_1430862599618_0035;attempt_1430862599618_0035_m_000012_0_14;;9.625;254;24;773;200;YarnChild;0;4500;33571736332;30605439795
job_1430862599618_0035;attempt_1430862599618_0035_m_000005_0_10;;9.125;253;23;773;200;YarnChild;0;2916;33571736332;30605439795
job_1430862599618_0035;attempt_1430862599618_0035_m_000008_0_12;;10.125;252;24;773;200;YarnChild;0;3320;33571736332;30605439795
job_1430862599618_0035;attempt_1430862599618_0035_m_000009_0_13;;9.5;252;23;773;200;YarnChild;0;2760;33571736332;30605439795
job_1430862599618_0035;attempt_1430862599618_0035_m_000002_0_9;;16.25;255;37;773;200;YarnChild;0;2644;33571776194;30605471491
job_1430862599618_0035;attempt_1430862599618_0035_m_000000_0_8;;19.0;254;34;773;200;YarnChild;0;3608;33571776194;30605471491
job_1430862599618_0035;attempt_1430862599618_0035_m_000006_0_11;;20.0;255;37;773;200;YarnChild;0;4408;33571776194;30605471491
job_1430862599618_0035;attempt_1430862599618_0035_m_000013_0_15;;17.5;258;28;790;200;YarnChild;0;3112;33571776194;30605471491
job_1430862599618_0035;attempt_1430862599618_0035_m_000012_0_14;;19.25;254;24;773;200;YarnChild;0;4500;33571776194;30605471491
job_1430862599618_0035;attempt_1430862599618_0035_m_000005_0_10;;18.25;253;23;773;200;YarnChild;0;2916;33571776194;30605471491
job_1430862599618_0035;attempt_1430862599618_0035_m_000008_0_12;;19.75;252;24;773;200;YarnChild;0;3320;33571776194;30605471491
job_1430862599618_0035;attempt_1430862599618_0035_m_000009_0_13;;18.75;252;23;773;200;YarnChild;0;2760;33571776194;30605471491
job_1430862599618_0035;attempt_1430862599618_0035_m_000002_0_9;;9.5;255;37;773;200;YarnChild;0;4200;33571816364;30605507212
job_1430862599618_0035;attempt_1430862599618_0035_m_000000_0_8;;9.625;254;34;773;200;YarnChild;0;3608;33571816364;30605507212
job_1430862599618_0035;attempt_1430862599618_0035_m_000006_0_11;;9.125;255;37;773;200;YarnChild;0;4416;33571816364;30605507212
job_1430862599618_0035;attempt_1430862599618_0035_m_000013_0_15;;9.25;258;28;790;200;YarnChild;0;3112;33571816364;30605507212
job_1430862599618_0035;attempt_1430862599618_0035_m_000012_0_14;;8.25;254;24;773;200;YarnChild;0;4508;33571816364;30605507212
job_1430862599618_0035;attempt_1430862599618_0035_m_000005_0_10;;8.75;253;23;773;200;YarnChild;0;2916;33571816364;30605507212
job_1430862599618_0035;attempt_1430862599618_0035_m_000008_0_12;;10.125;252;24;773;200;YarnChild;0;3344;33571816364;30605507212
job_1430862599618_0035;attempt_1430862599618_0035_m_000009_0_13;;8.0;252;23;773;200;YarnChild;0;2760;33571816364;30605507212
job_1430862599618_0035;attempt_1430862599618_0035_m_000002_0_9;;16.5;255;37;773;200;YarnChild;0;5332;33572678818;30606361402
job_1430862599618_0035;attempt_1430862599618_0035_m_000000_0_8;;18.5;254;34;773;200;YarnChild;0;3628;33572678818;30606361402
job_1430862599618_0035;attempt_1430862599618_0035_m_000006_0_11;;19.0;255;37;773;200;YarnChild;0;4416;33572678818;30606361402
job_1430862599618_0035;attempt_1430862599618_0035_m_000013_0_15;;20.25;258;28;790;200;YarnChild;0;3264;33572741501;30606424085
job_1430862599618_0035;attempt_1430862599618_0035_m_000012_0_14;;19.75;254;24;773;200;YarnChild;0;4508;33572741501;30606424085
job_1430862599618_0035;attempt_1430862599618_0035_m_000005_0_10;;21.5;253;23;773;200;YarnChild;0;2928;33572741501;30606424085
job_1430862599618_0035;attempt_1430862599618_0035_m_000008_0_12;;18.5;252;24;773;200;YarnChild;0;4408;33572741501;30606424085
job_1430862599618_0035;attempt_1430862599618_0035_m_000009_0_13;;20.75;252;23;773;200;YarnChild;0;3648;33572741501;30606424085
job_1430862599618_0035;attempt_1430862599618_0035_m_000002_0_9;;9.0;255;37;773;200;YarnChild;0;5336;33580909801;30614587876
job_1430862599618_0035;attempt_1430862599618_0035_m_000000_0_8;;9.125;254;34;773;200;YarnChild;0;5752;33580975388;30614653463
job_1430862599618_0035;attempt_1430862599618_0035_m_000006_0_11;;10.5;255;37;773;200;YarnChild;0;4908;33580975388;30614653463
job_1430862599618_0035;attempt_1430862599618_0035_m_000013_0_15;;9.625;258;28;790;200;YarnChild;0;5224;33581103658;30614781733
job_1430862599618_0035;attempt_1430862599618_0035_m_000012_0_14;;9.0;254;24;773;200;YarnChild;0;4804;33581103658;30614781733
job_1430862599618_0035;attempt_1430862599618_0035_m_000005_0_10;;9.375;253;23;773;200;YarnChild;0;5276;33581103658;30614781733
job_1430862599618_0035;attempt_1430862599618_0035_m_000008_0_12;;9.125;252;24;773;200;YarnChild;0;4944;33581103658;30614781733
job_1430862599618_0035;attempt_1430862599618_0035_m_000009_0_13;;9.125;252;23;773;200;YarnChild;0;5688;33581103658;30614781733
job_1430862599618_0035;attempt_1430862599618_0035_m_000002_0_9;;16.0;255;37;773;200;YarnChild;0;5336;33596169751;30629838877
job_1430862599618_0035;attempt_1430862599618_0035_m_000000_0_8;;17.25;254;34;773;200;YarnChild;0;7012;33596491878;30630161720
job_1430862599618_0035;attempt_1430862599618_0035_m_000006_0_11;;17.0;256;37;773;200;YarnChild;0;6820;33596491878;30630161720
job_1430862599618_0035;attempt_1430862599618_0035_m_000013_0_15;;17.25;258;28;790;200;YarnChild;0;6420;33596491971;30630161786
job_1430862599618_0035;attempt_1430862599618_0035_m_000012_0_14;;16.5;256;24;773;200;YarnChild;0;6800;33596491971;30630161786
job_1430862599618_0035;attempt_1430862599618_0035_m_000005_0_10;;15.75;253;23;773;200;YarnChild;0;7156;33596491971;30630161786
job_1430862599618_0035;attempt_1430862599618_0035_m_000008_0_12;;17.5;252;24;773;200;YarnChild;0;4944;33596491971;30630161786
job_1430862599618_0035;attempt_1430862599618_0035_m_000009_0_13;;17.25;252;23;773;200;YarnChild;0;6344;33596491971;30630161786
job_1430862599618_0035;attempt_1430862599618_0035_m_000002_0_9;;8.625;255;37;773;200;YarnChild;0;5336;33628035029;30661699014
job_1430862599618_0035;attempt_1430862599618_0035_m_000000_0_8;;9.25;252;34;773;200;YarnChild;0;7012;33628035029;30661699014
job_1430862599618_0035;attempt_1430862599618_0035_m_000006_0_11;;8.5;256;37;773;200;YarnChild;0;8256;33628097764;30661762465
job_1430862599618_0035;attempt_1430862599618_0035_m_000013_0_15;;8.25;258;28;790;200;YarnChild;0;6420;33628223223;30661888613
job_1430862599618_0035;attempt_1430862599618_0035_m_000012_0_14;;7.75;256;24;773;200;YarnChild;0;8212;33628223223;30661888613
job_1430862599618_0035;attempt_1430862599618_0035_m_000005_0_10;;7.75;251;23;773;200;YarnChild;0;7368;33628288903;30661954266
job_1430862599618_0035;attempt_1430862599618_0035_m_000008_0_12;;8.375;252;24;773;200;YarnChild;0;4944;33628679521;30662344884
job_1430862599618_0035;attempt_1430862599618_0035_m_000009_0_13;;9.125;252;23;773;200;YarnChild;0;6344;33628679521;30662344884
job_1430862599618_0035;attempt_1430862599618_0035_m_000002_0_9;;11.75;255;37;773;200;YarnChild;0;5336;33675327555;30708985778
job_1430862599618_0035;attempt_1430862599618_0035_m_000000_0_8;;10.375;253;34;773;200;YarnChild;0;7012;33675327555;30708985778
job_1430862599618_0035;attempt_1430862599618_0035_m_000006_0_11;;11.125;255;37;773;200;YarnChild;0;8256;33675327555;30708985778
job_1430862599618_0035;attempt_1430862599618_0035_m_000013_0_15;;11.875;258;28;790;200;YarnChild;0;6420;33675837679;30709495902
job_1430862599618_0035;attempt_1430862599618_0035_m_000012_0_14;;11.5;256;24;773;200;YarnChild;0;8212;33675837679;30709495902
job_1430862599618_0035;attempt_1430862599618_0035_m_000005_0_10;;10.5;254;23;773;200;YarnChild;0;7368;33675837679;30709495902
job_1430862599618_0035;attempt_1430862599618_0035_m_000008_0_12;;11.0;252;24;773;200;YarnChild;0;4944;33675837679;30709495902
job_1430862599618_0035;attempt_1430862599618_0035_m_000009_0_13;;10.375;252;23;773;200;YarnChild;0;6344;33675837679;30709495902
job_1430862599618_0035;attempt_1430862599618_0035_m_000002_0_9;;16.5;255;37;773;200;YarnChild;0;5336;33700178317;30733831449
job_1430862599618_0035;attempt_1430862599618_0035_m_000000_0_8;;16.75;253;34;773;200;YarnChild;0;7012;33700178317;30733831449
job_1430862599618_0035;attempt_1430862599618_0035_m_000006_0_11;;18.75;255;37;773;200;YarnChild;0;8256;33700178317;30733831449
job_1430862599618_0035;attempt_1430862599618_0035_m_000013_0_15;;16.5;258;28;790;200;YarnChild;0;6420;33700386136;30734039268
job_1430862599618_0035;attempt_1430862599618_0035_m_000012_0_14;;16.75;255;24;773;200;YarnChild;0;8212;33700386136;30734039268
job_1430862599618_0035;attempt_1430862599618_0035_m_000005_0_10;;15.5;254;23;773;200;YarnChild;0;7368;33700386136;30734039268
job_1430862599618_0035;attempt_1430862599618_0035_m_000008_0_12;;16.5;252;24;773;200;YarnChild;0;4944;33700386136;30734039268
job_1430862599618_0035;attempt_1430862599618_0035_m_000009_0_13;;16.75;252;23;773;200;YarnChild;0;6344;33700386136;30734039268
job_1430862599618_0035;attempt_1430862599618_0035_m_000002_0_9;;9.75;255;37;773;200;YarnChild;0;5336;33709978903;30743623046
job_1430862599618_0035;attempt_1430862599618_0035_m_000000_0_8;;8.5;253;34;773;200;YarnChild;0;7012;33709978903;30743623046
job_1430862599618_0035;attempt_1430862599618_0035_m_000006_0_11;;10.25;255;37;773;200;YarnChild;0;8256;33709978903;30743623046
job_1430862599618_0035;attempt_1430862599618_0035_m_000013_0_15;;8.625;258;28;790;200;YarnChild;0;6420;33709978903;30743623046
job_1430862599618_0035;attempt_1430862599618_0035_m_000012_0_14;;8.875;255;24;773;200;YarnChild;0;8212;33709978903;30743623046
job_1430862599618_0035;attempt_1430862599618_0035_m_000005_0_10;;9.125;254;23;773;200;YarnChild;0;7368;33709978903;30743623046
job_1430862599618_0035;attempt_1430862599618_0035_m_000008_0_12;;9.375;252;24;773;200;YarnChild;0;4944;33709978903;30743623608
job_1430862599618_0035;attempt_1430862599618_0035_m_000009_0_13;;9.625;252;23;773;200;YarnChild;0;6344;33709978903;30743623608
job_1430862599618_0035;attempt_1430862599618_0035_m_000002_0_9;;17.0;255;37;773;200;YarnChild;0;5336;33710019344;30743658923
job_1430862599618_0035;attempt_1430862599618_0035_m_000000_0_8;;17.5;253;34;773;200;YarnChild;0;7012;33710019344;30743658923
job_1430862599618_0035;attempt_1430862599618_0035_m_000006_0_11;;16.5;255;37;773;200;YarnChild;0;8256;33710019344;30743658923
job_1430862599618_0035;attempt_1430862599618_0035_m_000013_0_15;;16.25;258;28;790;200;YarnChild;0;6420;33710019344;30743658923
job_1430862599618_0035;attempt_1430862599618_0035_m_000012_0_14;;17.25;255;24;773;200;YarnChild;0;8212;33710019344;30743658923
job_1430862599618_0035;attempt_1430862599618_0035_m_000005_0_10;;16.5;254;23;773;200;YarnChild;0;7368;33710019344;30743658923
job_1430862599618_0035;attempt_1430862599618_0035_m_000008_0_12;;17.5;252;24;773;200;YarnChild;0;4944;33710019344;30743658923
job_1430862599618_0035;attempt_1430862599618_0035_m_000009_0_13;;16.25;252;23;773;200;YarnChild;0;6344;33710019344;30743658923
job_1430862599618_0035;attempt_1430862599618_0035_m_000002_0_9;;17.5;255;37;773;200;YarnChild;0;5336;33710058534;30743689459
job_1430862599618_0035;attempt_1430862599618_0035_m_000000_0_8;;18.25;253;34;773;200;YarnChild;0;7012;33710058627;30743690241
job_1430862599618_0035;attempt_1430862599618_0035_m_000006_0_11;;16.25;255;37;773;200;YarnChild;0;8256;33710058627;30743690241
job_1430862599618_0035;attempt_1430862599618_0035_m_000013_0_15;;18.75;258;28;790;200;YarnChild;0;6420;33710058627;30743690241
job_1430862599618_0035;attempt_1430862599618_0035_m_000012_0_14;;17.5;255;24;773;200;YarnChild;0;8212;33710058627;30743690241
job_1430862599618_0035;attempt_1430862599618_0035_m_000005_0_10;;17.5;254;23;773;200;YarnChild;0;7368;33710058627;30743690241
job_1430862599618_0035;attempt_1430862599618_0035_m_000008_0_12;;18.0;252;24;773;200;YarnChild;0;4944;33710058627;30743690241
job_1430862599618_0035;attempt_1430862599618_0035_m_000009_0_13;;17.75;252;23;773;200;YarnChild;0;6344;33710058627;30743690241
job_1430862599618_0035;attempt_1430862599618_0035_m_000002_0_9;;9.0;255;37;773;200;YarnChild;0;5336;33710098284;30743725076
job_1430862599618_0035;attempt_1430862599618_0035_m_000000_0_8;;9.625;253;34;773;200;YarnChild;0;7012;33710098284;30743725076
job_1430862599618_0035;attempt_1430862599618_0035_m_000006_0_11;;9.5;255;37;773;200;YarnChild;0;8256;33710098284;30743725076
job_1430862599618_0035;attempt_1430862599618_0035_m_000013_0_15;;9.0;258;28;790;200;YarnChild;0;6420;33710098284;30743725076
job_1430862599618_0035;attempt_1430862599618_0035_m_000012_0_14;;8.625;255;24;773;200;YarnChild;0;8212;33710098284;30743725076
job_1430862599618_0035;attempt_1430862599618_0035_m_000005_0_10;;9.5;254;23;773;200;YarnChild;0;7368;33710098284;30743725076
job_1430862599618_0035;attempt_1430862599618_0035_m_000008_0_12;;9.75;252;24;773;200;YarnChild;0;4944;33710098284;30743725076
job_1430862599618_0035;attempt_1430862599618_0035_m_000009_0_13;;8.25;252;23;773;200;YarnChild;0;6344;33710098284;30743725076
job_1430862599618_0035;attempt_1430862599618_0035_m_000002_0_9;;18.5;255;37;773;200;YarnChild;0;6268;33710182063;30743757041
job_1430862599618_0035;attempt_1430862599618_0035_m_000000_0_8;;18.5;253;34;773;200;YarnChild;0;7012;33710182063;30743757041
job_1430862599618_0035;attempt_1430862599618_0035_m_000006_0_11;;17.25;255;37;773;200;YarnChild;0;8256;33710182063;30743757041
job_1430862599618_0035;attempt_1430862599618_0035_m_000013_0_15;;19.75;258;28;790;200;YarnChild;0;6420;33710182063;30743757041
job_1430862599618_0035;attempt_1430862599618_0035_m_000012_0_14;;19.0;255;24;773;200;YarnChild;0;8212;33710182063;30743757041
job_1430862599618_0035;attempt_1430862599618_0035_m_000005_0_10;;18.5;254;23;773;200;YarnChild;0;7368;33710182063;30743757041
job_1430862599618_0035;attempt_1430862599618_0035_m_000008_0_12;;19.0;252;24;773;200;YarnChild;0;4944;33710182063;30743757041
job_1430862599618_0035;attempt_1430862599618_0035_m_000009_0_13;;18.0;252;23;773;200;YarnChild;0;6344;33710182063;30743757041
job_1430862599618_0035;attempt_1430862599618_0035_m_000002_0_9;;10.0;255;37;773;200;YarnChild;0;7220;33710252772;30743793851
job_1430862599618_0035;attempt_1430862599618_0035_m_000000_0_8;;10.375;253;34;773;200;YarnChild;0;7012;33710252772;30743793851
job_1430862599618_0035;attempt_1430862599618_0035_m_000006_0_11;;9.625;255;37;773;200;YarnChild;0;8256;33710252772;30743793851
job_1430862599618_0035;attempt_1430862599618_0035_m_000013_0_15;;8.25;258;28;790;200;YarnChild;0;6420;33710252772;30743793851
job_1430862599618_0035;attempt_1430862599618_0035_m_000012_0_14;;9.0;255;24;773;200;YarnChild;0;8212;33710252772;30743793851
job_1430862599618_0035;attempt_1430862599618_0035_m_000005_0_10;;10.0;254;23;773;200;YarnChild;0;7368;33710252772;30743793851
job_1430862599618_0035;attempt_1430862599618_0035_m_000008_0_12;;10.0;252;24;773;200;YarnChild;0;6280;33710252772;30743793851
job_1430862599618_0035;attempt_1430862599618_0035_m_000009_0_13;;9.625;252;23;773;200;YarnChild;0;6344;33710252772;30743793851
job_1430862599618_0035;attempt_1430862599618_0035_m_000002_0_9;;14.875;255;37;773;200;YarnChild;0;7220;33710294422;30743828953
job_1430862599618_0035;attempt_1430862599618_0035_m_000000_0_8;;14.25;253;34;773;200;YarnChild;0;8588;33710294474;30743829005
job_1430862599618_0035;attempt_1430862599618_0035_m_000006_0_11;;14.625;255;37;773;200;YarnChild;0;8256;33710294474;30743829005
job_1430862599618_0035;attempt_1430862599618_0035_m_000013_0_15;;14.375;258;28;790;200;YarnChild;0;7460;33710294474;30743829005
job_1430862599618_0035;attempt_1430862599618_0035_m_000012_0_14;;15.75;255;24;773;200;YarnChild;0;8212;33710294474;30743829005
job_1430862599618_0035;attempt_1430862599618_0035_m_000005_0_10;;15.0;254;23;773;200;YarnChild;0;7744;33710294474;30743829005
job_1430862599618_0035;attempt_1430862599618_0035_m_000008_0_12;;14.0;252;24;773;200;YarnChild;0;7264;33710294474;30743829005
job_1430862599618_0035;attempt_1430862599618_0035_m_000009_0_13;;14.875;252;23;773;200;YarnChild;0;8316;33710294474;30743829005
job_1430862599618_0035;attempt_1430862599618_0035_m_000002_0_9;;9.0;255;37;773;200;YarnChild;0;8088;33710336837;30743867532
job_1430862599618_0035;attempt_1430862599618_0035_m_000000_0_8;;9.75;255;34;773;200;YarnChild;0;10892;33710336837;30743867532
job_1430862599618_0035;attempt_1430862599618_0035_m_000006_0_11;;8.83333333333;255;37;773;200;YarnChild;0;10468;33710336837;30743867532
job_1430862599618_0035;attempt_1430862599618_0035_m_000013_0_15;;9.25;258;28;790;200;YarnChild;0;9784;33710336837;30743867532
job_1430862599618_0035;attempt_1430862599618_0035_m_000012_0_14;;9.16666666667;255;24;773;200;YarnChild;0;10444;33710336837;30743867532
job_1430862599618_0035;attempt_1430862599618_0035_m_000005_0_10;;8.75;255;23;773;200;YarnChild;0;10336;33710336889;30743868250
job_1430862599618_0035;attempt_1430862599618_0035_m_000008_0_12;;9.08333333333;252;24;773;200;YarnChild;0;7264;33710336889;30743868250
job_1430862599618_0035;attempt_1430862599618_0035_m_000009_0_13;;9.25;252;23;773;200;YarnChild;0;8904;33710336889;30743868250
job_1430862599618_0035;attempt_1430862599618_0035_m_000002_0_9;;12.125;255;37;775;200;YarnChild;0;10156;33710379245;30743907013
job_1430862599618_0035;attempt_1430862599618_0035_m_000000_0_8;;11.0;255;34;773;200;YarnChild;0;10892;33710379245;30743907013
job_1430862599618_0035;attempt_1430862599618_0035_m_000006_0_11;;11.25;255;37;773;200;YarnChild;0;12800;33710379245;30743907013
job_1430862599618_0035;attempt_1430862599618_0035_m_000013_0_15;;11.625;258;28;790;200;YarnChild;0;9784;33710379245;30743907013
job_1430862599618_0035;attempt_1430862599618_0035_m_000012_0_14;;10.625;259;24;773;200;YarnChild;0;11632;33710379245;30743907013
job_1430862599618_0035;attempt_1430862599618_0035_m_000005_0_10;;10.0;255;23;773;200;YarnChild;0;10644;33710379245;30743907013
job_1430862599618_0035;attempt_1430862599618_0035_m_000008_0_12;;13.25;252;24;773;200;YarnChild;0;8692;33710379245;30743907013
job_1430862599618_0035;attempt_1430862599618_0035_m_000009_0_13;;11.125;252;23;773;200;YarnChild;0;8904;33710379245;30743907013
job_1430862599618_0035;attempt_1430862599618_0035_m_000002_0_9;;9.625;257;37;776;200;YarnChild;0;13516;33710431201;30743944410
job_1430862599618_0035;attempt_1430862599618_0035_m_000000_0_8;;11.25;255;34;773;200;YarnChild;0;12400;33710431201;30743944410
job_1430862599618_0035;attempt_1430862599618_0035_m_000006_0_11;;11.25;255;37;773;200;YarnChild;0;12800;33710431201;30743944410
job_1430862599618_0035;attempt_1430862599618_0035_m_000013_0_15;;12.75;259;28;790;200;YarnChild;0;10708;33710431201;30743944410
job_1430862599618_0035;attempt_1430862599618_0035_m_000012_0_14;;11.875;259;24;773;200;YarnChild;0;11632;33710431201;30743944410
job_1430862599618_0035;attempt_1430862599618_0035_m_000005_0_10;;11.5;255;23;773;200;YarnChild;0;10644;33710431201;30743944410
job_1430862599618_0035;attempt_1430862599618_0035_m_000008_0_12;;10.625;254;24;775;200;YarnChild;0;11676;33710431201;30743944410
job_1430862599618_0035;attempt_1430862599618_0035_m_000009_0_13;;11.875;252;23;775;200;YarnChild;0;10432;33710431201;30743944410
job_1430862599618_0035;attempt_1430862599618_0035_m_000000_0_8;;23.75;258;34;775;200;YarnChild;0;15744;33710496957;30747703756
job_1430862599618_0035;attempt_1430862599618_0035_m_000006_0_11;;25.25;255;37;775;200;YarnChild;0;13992;33710496957;30747703756
job_1430862599618_0035;attempt_1430862599618_0035_m_000013_0_15;;23.25;259;28;792;200;YarnChild;0;12032;33710496957;30747703756
job_1430862599618_0035;attempt_1430862599618_0035_m_000012_0_14;;24.75;259;24;775;200;YarnChild;0;13000;33710496957;30747703756
job_1430862599618_0035;attempt_1430862599618_0035_m_000005_0_10;;24.75;255;23;775;200;YarnChild;0;12108;33710496957;30747703756
job_1430862599618_0035;attempt_1430862599618_0035_m_000009_0_13;;23.75;254;23;775;200;YarnChild;0;15260;33710496957;30747703756
job_1430862599618_0035;attempt_1430862599618_0035_r_000002_0_30;;5.24151392187e-10;16;16;695;200;YarnChild;0;32;33710496957;30747703756
job_1430862599618_0035;attempt_1430862599618_0035_m_000000_0_8;;9.0;264;34;775;200;YarnChild;0;19312;33710546360;30747737902
job_1430862599618_0035;attempt_1430862599618_0035_m_000006_0_11;;14.25;257;37;775;200;YarnChild;0;18076;33710546360;30747737902
job_1430862599618_0035;attempt_1430862599618_0035_m_000013_0_15;;10.875;269;28;792;200;YarnChild;0;16120;33710546360;30747737902
job_1430862599618_0035;attempt_1430862599618_0035_m_000012_0_14;;10.875;261;24;775;200;YarnChild;0;16972;33710546360;30747737902
job_1430862599618_0035;attempt_1430862599618_0035_m_000005_0_10;;10.75;259;23;775;200;YarnChild;0;16020;33710546360;30747737902
job_1430862599618_0035;attempt_1430862599618_0035_r_000002_0_30;;9.625;61;16;736;200;YarnChild;0;32;33710546360;30747737902
job_1430862599618_0035;attempt_1430862599618_0035_m_000025_0_31;;2.97019121824e-09;24;24;705;200;YarnChild;0;32;33710546360;30747737902
job_1430862599618_0035;attempt_1430862599618_0035_m_000006_0_11;;21.5;266;37;775;200;YarnChild;0;22212;33710640214;30758434627
job_1430862599618_0035;attempt_1430862599618_0035_m_000013_0_15;;17.0;284;28;792;200;YarnChild;0;18536;33710641046;30758977422
job_1430862599618_0035;attempt_1430862599618_0035_m_000012_0_14;;19.75;261;24;775;200;YarnChild;0;21012;33710641046;30758977422
job_1430862599618_0035;attempt_1430862599618_0035_m_000005_0_10;;20.0;277;23;775;200;YarnChild;0;19144;33710641046;30758977422
job_1430862599618_0035;attempt_1430862599618_0035_r_000002_0_30;;20.25;80;16;741;200;YarnChild;0;36;33710641046;30758977422
job_1430862599618_0035;attempt_1430862599618_0035_m_000025_0_31;;19.0;68;24;734;200;YarnChild;0;32;33710641046;30758977422
job_1430862599618_0035;attempt_1430862599618_0035_m_000030_0_33;;1.0133593561e-08;50;50;735;200;YarnChild;0;32;33710641046;30758977422
job_1430862599618_0035;attempt_1430862599618_0035_m_000006_0_11;;7.625;279;37;776;200;YarnChild;0;24032;33710769524;30773248340
job_1430862599618_0035;attempt_1430862599618_0035_r_000002_0_30;;12.5;106;16;750;200;YarnChild;0;36;33710769524;30773248340
job_1430862599618_0035;attempt_1430862599618_0035_m_000025_0_31;;13.25;89;24;736;200;YarnChild;0;36;33710769524;30773248340
job_1430862599618_0035;attempt_1430862599618_0035_m_000030_0_33;;13.625;80;50;741;200;YarnChild;0;36;33710769524;30773248340
job_1430862599618_0035;attempt_1430862599618_0035_m_000031_0_36;;4.01849399272e-09;34;34;710;200;YarnChild;0;32;33710769524;30773248340
job_1430862599618_0035;attempt_1430862599618_0035_r_000002_0_30;;22.0;129;16;772;200;YarnChild;0;36;33710824606;30786117461
job_1430862599618_0035;attempt_1430862599618_0035_m_000025_0_31;;26.5;127;24;743;200;YarnChild;0;36;33710824606;30786117461
job_1430862599618_0035;attempt_1430862599618_0035_m_000030_0_33;;26.5;111;50;755;200;YarnChild;0;36;33710824606;30786117461
job_1430862599618_0035;attempt_1430862599618_0035_m_000031_0_36;;29.5;75;34;737;200;YarnChild;0;36;33710824606;30786117461
job_1430862599618_0035;attempt_1430862599618_0035_m_000038_0_42;;7.86227084984e-09;46;46;735;200;YarnChild;0;32;33710824606;30786117461
job_1430862599618_0035;attempt_1430862599618_0035_m_000036_0_40;;8.03698797983e-09;45;45;710;200;YarnChild;0;32;33710824606;30786117461
job_1430862599618_0035;attempt_1430862599618_0035_r_000002_0_30;;11.75;139;16;777;200;YarnChild;0;36;33710862127;30786145704
job_1430862599618_0035;attempt_1430862599618_0035_m_000025_0_31;;10.625;138;24;767;200;YarnChild;0;36;33710862127;30786145704
job_1430862599618_0035;attempt_1430862599618_0035_m_000030_0_33;;8.625;130;50;777;200;YarnChild;0;36;33710862127;30786145704
job_1430862599618_0035;attempt_1430862599618_0035_m_000031_0_36;;12.875;108;34;755;200;YarnChild;0;36;33710862127;30786145704
job_1430862599618_0035;attempt_1430862599618_0035_m_000038_0_42;;10.5;72;46;736;200;YarnChild;0;36;33710862127;30786145704
job_1430862599618_0035;attempt_1430862599618_0035_m_000036_0_40;;12.625;77;45;734;200;YarnChild;0;36;33710862127;30786145704
job_1430862599618_0035;attempt_1430862599618_0035_r_000002_0_30;;25.5;146;16;778;200;YarnChild;0;152;33710898225;30786171235
job_1430862599618_0035;attempt_1430862599618_0035_m_000025_0_31;;25.5;140;24;767;200;YarnChild;0;36;33710898225;30786171235
job_1430862599618_0035;attempt_1430862599618_0035_m_000030_0_33;;23.75;132;50;777;200;YarnChild;0;36;33710898225;30786171235
job_1430862599618_0035;attempt_1430862599618_0035_m_000031_0_36;;25.25;133;34;783;200;YarnChild;0;36;33710898225;30786171602
job_1430862599618_0035;attempt_1430862599618_0035_m_000038_0_42;;24.0;97;46;748;200;YarnChild;0;36;33710898663;30786171668
job_1430862599618_0035;attempt_1430862599618_0035_m_000036_0_40;;24.75;101;45;741;200;YarnChild;0;36;33710898663;30786171668
job_1430862599618_0035;attempt_1430862599618_0035_r_000002_0_30;;10.625;153;16;784;200;YarnChild;0;156;33710935466;30786198312
job_1430862599618_0035;attempt_1430862599618_0035_m_000025_0_31;;12.0;152;24;768;200;YarnChild;0;152;33710935466;30786198312
job_1430862599618_0035;attempt_1430862599618_0035_m_000030_0_33;;11.5;145;50;778;200;YarnChild;0;152;33710935466;30786198312
job_1430862599618_0035;attempt_1430862599618_0035_m_000031_0_36;;13.375;136;34;783;200;YarnChild;0;36;33710935466;30786198312
job_1430862599618_0035;attempt_1430862599618_0035_m_000038_0_42;;11.0;129;46;752;200;YarnChild;0;36;33710935466;30786198312
job_1430862599618_0035;attempt_1430862599618_0035_m_000036_0_40;;11.0;131;45;765;200;YarnChild;0;36;33710935466;30786198312
job_1430862599618_0035;attempt_1430862599618_0035_r_000002_0_30;;7.75;192;16;789;200;YarnChild;0;172;33778540842;30816540395
job_1430862599618_0035;attempt_1430862599618_0035_m_000025_0_31;;26.75;254;24;773;200;YarnChild;0;152;33778540842;30816540395
job_1430862599618_0035;attempt_1430862599618_0035_m_000030_0_33;;23.5;249;50;783;200;YarnChild;0;152;33778540842;30816540395
job_1430862599618_0035;attempt_1430862599618_0035_m_000031_0_36;;33.25;152;34;788;200;YarnChild;0;152;33778540842;30816540395
job_1430862599618_0035;attempt_1430862599618_0035_m_000038_0_42;;29.25;141;46;781;200;YarnChild;0;36;33778540842;30816540395
job_1430862599618_0035;attempt_1430862599618_0035_m_000036_0_40;;31.5;142;45;767;200;YarnChild;0;36;33778540842;30816540395
job_1430862599618_0035;attempt_1430862599618_0035_r_000002_0_30;;0.125;192;16;789;200;YarnChild;0;172;33793396091;30831385876
job_1430862599618_0035;attempt_1430862599618_0035_m_000025_0_31;;15.75;258;24;773;200;YarnChild;0;152;33793521457;30831511242
job_1430862599618_0035;attempt_1430862599618_0035_m_000030_0_33;;14.75;251;50;783;200;YarnChild;0;152;33793521457;30831511242
job_1430862599618_0035;attempt_1430862599618_0035_m_000031_0_36;;12.75;253;34;789;200;YarnChild;0;152;33793521457;30831511242
job_1430862599618_0035;attempt_1430862599618_0035_m_000038_0_42;;15.625;153;46;783;200;YarnChild;0;152;33793521457;30831511242
job_1430862599618_0035;attempt_1430862599618_0035_m_000036_0_40;;13.5;153;45;768;200;YarnChild;0;152;33793521457;30831511242
job_1430862599618_0035;attempt_1430862599618_0035_r_000002_0_30;;0.0;192;16;789;200;YarnChild;0;172;33820224226;30858200400
job_1430862599618_0035;attempt_1430862599618_0035_m_000025_0_31;;28.25;256;24;773;200;YarnChild;0;152;33820289813;30858265987
job_1430862599618_0035;attempt_1430862599618_0035_m_000030_0_33;;33.75;252;50;783;200;YarnChild;0;152;33820289813;30858265987
job_1430862599618_0035;attempt_1430862599618_0035_m_000031_0_36;;26.25;257;34;789;200;YarnChild;0;152;33820289813;30858265987
job_1430862599618_0035;attempt_1430862599618_0035_m_000038_0_42;;26.25;260;46;788;200;YarnChild;0;152;33820289865;30858266039
job_1430862599618_0035;attempt_1430862599618_0035_m_000036_0_40;;23.5;256;45;773;200;YarnChild;0;152;33820352496;30858328670
job_1430862599618_0035;attempt_1430862599618_0035_r_000002_0_30;;0.75;191;16;789;200;YarnChild;0;172;33852894129;30890861336
job_1430862599618_0035;attempt_1430862599618_0035_m_000025_0_31;;12.5;256;24;773;200;YarnChild;0;152;33852894129;30890861336
job_1430862599618_0035;attempt_1430862599618_0035_m_000030_0_33;;14.125;252;50;783;200;YarnChild;0;152;33852894129;30890861336
job_1430862599618_0035;attempt_1430862599618_0035_m_000031_0_36;;11.75;256;34;789;200;YarnChild;0;152;33852956812;30890924019
job_1430862599618_0035;attempt_1430862599618_0035_m_000038_0_42;;11.0;256;46;783;200;YarnChild;0;152;33853022399;30890989606
job_1430862599618_0035;attempt_1430862599618_0035_m_000036_0_40;;16.125;258;45;773;200;YarnChild;0;152;33853022399;30890989606
job_1430862599618_0035;attempt_1430862599618_0035_r_000002_0_30;;0.25;191;16;789;200;YarnChild;0;172;33878332486;30916290167
job_1430862599618_0035;attempt_1430862599618_0035_m_000025_0_31;;31.25;256;24;773;200;YarnChild;0;152;33878394626;30916352307
job_1430862599618_0035;attempt_1430862599618_0035_m_000030_0_33;;24.25;252;50;783;200;YarnChild;0;152;33878394626;30916352307
job_1430862599618_0035;attempt_1430862599618_0035_m_000031_0_36;;27.75;255;34;789;200;YarnChild;0;152;33878394626;30916352307
job_1430862599618_0035;attempt_1430862599618_0035_m_000038_0_42;;22.0;260;46;783;200;YarnChild;0;152;33878394626;30916352307
job_1430862599618_0035;attempt_1430862599618_0035_m_000036_0_40;;27.0;261;45;773;200;YarnChild;0;152;33878394626;30916352307
job_1430862599618_0035;attempt_1430862599618_0035_r_000002_0_30;;0.375;191;16;789;200;YarnChild;0;172;33896124187;30934069479
job_1430862599618_0035;attempt_1430862599618_0035_m_000025_0_31;;14.125;256;24;773;200;YarnChild;0;152;33896124187;30934069479
job_1430862599618_0035;attempt_1430862599618_0035_m_000030_0_33;;14.0;252;50;783;200;YarnChild;0;152;33896124187;30934069479
job_1430862599618_0035;attempt_1430862599618_0035_m_000031_0_36;;10.0;255;34;789;200;YarnChild;0;152;33896124187;30934069479
job_1430862599618_0035;attempt_1430862599618_0035_m_000038_0_42;;13.0;258;46;783;200;YarnChild;0;152;33896124187;30934069479
job_1430862599618_0035;attempt_1430862599618_0035_m_000036_0_40;;13.875;260;45;773;200;YarnChild;0;152;33896124187;30934069479
job_1430862599618_0035;attempt_1430862599618_0035_m_000025_1_46;;8.91057354263e-09;48;48;734;200;YarnChild;0;32;33896124187;30934069479
job_1430862599618_0035;attempt_1430862599618_0035_r_000002_0_30;;0.5;191;16;789;200;YarnChild;0;172;33905215549;30943150687
job_1430862599618_0035;attempt_1430862599618_0035_m_000025_0_31;;24.5;256;24;773;200;YarnChild;0;152;33905215549;30943150687
job_1430862599618_0035;attempt_1430862599618_0035_m_000030_0_33;;26.0;252;50;783;200;YarnChild;0;152;33905215549;30943150687
job_1430862599618_0035;attempt_1430862599618_0035_m_000031_0_36;;28.5;255;34;789;200;YarnChild;0;152;33905215549;30943150687
job_1430862599618_0035;attempt_1430862599618_0035_m_000038_0_42;;22.75;258;46;783;200;YarnChild;0;152;33905406502;30943341640
job_1430862599618_0035;attempt_1430862599618_0035_m_000036_0_40;;25.75;260;45;773;200;YarnChild;0;152;33905406502;30943341640
job_1430862599618_0035;attempt_1430862599618_0035_m_000025_1_46;;26.25;83;48;734;200;YarnChild;0;36;33905406502;30943341640
job_1430862599618_0035;attempt_1430862599618_0035_r_000002_0_30;;0.25;191;16;789;200;YarnChild;0;172;33909180374;30947103928
job_1430862599618_0035;attempt_1430862599618_0035_m_000025_0_31;;10.0;256;24;773;200;YarnChild;0;152;33909180374;30947103928
job_1430862599618_0035;attempt_1430862599618_0035_m_000030_0_33;;13.5;252;50;783;200;YarnChild;0;152;33909180374;30947103928
job_1430862599618_0035;attempt_1430862599618_0035_m_000031_0_36;;14.5;255;34;789;200;YarnChild;0;152;33909180374;30947103928
job_1430862599618_0035;attempt_1430862599618_0035_m_000038_0_42;;12.5;258;46;783;200;YarnChild;0;152;33909180374;30947103928
job_1430862599618_0035;attempt_1430862599618_0035_m_000036_0_40;;13.0;260;45;773;200;YarnChild;0;152;33909180374;30947103928
job_1430862599618_0035;attempt_1430862599618_0035_m_000025_1_46;;13.125;115;48;741;200;YarnChild;0;36;33909180374;30947103928
job_1430862599618_0035;attempt_1430862599618_0035_r_000002_0_30;;0.25;191;16;789;200;YarnChild;0;172;33909232666;30947145200
job_1430862599618_0035;attempt_1430862599618_0035_m_000025_0_31;;16.75;256;24;773;200;YarnChild;0;152;33909232666;30947145200
job_1430862599618_0035;attempt_1430862599618_0035_m_000030_0_33;;25.5;252;50;783;200;YarnChild;0;152;33909232666;30947145200
job_1430862599618_0035;attempt_1430862599618_0035_m_000031_0_36;;24.25;255;34;789;200;YarnChild;0;152;33909232666;30947145200
job_1430862599618_0035;attempt_1430862599618_0035_m_000038_0_42;;20.75;258;46;783;200;YarnChild;0;152;33909232666;30947145200
job_1430862599618_0035;attempt_1430862599618_0035_m_000036_0_40;;27.5;260;45;773;200;YarnChild;0;152;33909232666;30947145200
job_1430862599618_0035;attempt_1430862599618_0035_m_000025_1_46;;20.75;130;48;767;200;YarnChild;0;36;33909232666;30947145200
job_1430862599618_0035;attempt_1430862599618_0035_r_000002_0_30;;0.0;191;16;789;200;YarnChild;0;172;33909276455;30947176212
job_1430862599618_0035;attempt_1430862599618_0035_m_000025_0_31;;9.75;257;24;773;200;YarnChild;0;172;33909276455;30947176212
job_1430862599618_0035;attempt_1430862599618_0035_m_000030_0_33;;10.875;252;50;783;200;YarnChild;0;324;33909276455;30947176212
job_1430862599618_0035;attempt_1430862599618_0035_m_000031_0_36;;11.25;255;34;789;200;YarnChild;0;152;33909276455;30947176212
job_1430862599618_0035;attempt_1430862599618_0035_m_000038_0_42;;13.25;258;46;783;200;YarnChild;0;152;33909276455;30947176212
job_1430862599618_0035;attempt_1430862599618_0035_m_000036_0_40;;12.375;260;45;773;200;YarnChild;0;152;33909276455;30947176212
job_1430862599618_0035;attempt_1430862599618_0035_m_000025_1_46;;10.875;141;48;767;200;YarnChild;0;36;33909276455;30947176212
job_1430862599618_0035;attempt_1430862599618_0035_r_000002_0_30;;0.75;191;16;789;200;YarnChild;0;172;33909320165;30947209340
job_1430862599618_0035;attempt_1430862599618_0035_m_000025_0_31;;30.75;257;24;773;200;YarnChild;0;2012;33909320165;30947209340
job_1430862599618_0035;attempt_1430862599618_0035_m_000030_0_33;;28.25;252;50;783;200;YarnChild;0;3056;33909320165;30947209340
job_1430862599618_0035;attempt_1430862599618_0035_m_000031_0_36;;28.0;256;34;789;200;YarnChild;0;392;33909320165;30947209340
job_1430862599618_0035;attempt_1430862599618_0035_m_000038_0_42;;30.5;258;46;783;200;YarnChild;0;152;33909320165;30947209340
job_1430862599618_0035;attempt_1430862599618_0035_m_000036_0_40;;30.25;260;45;773;200;YarnChild;0;152;33909320165;30947209340
job_1430862599618_0035;attempt_1430862599618_0035_m_000025_1_46;;23.0;151;48;768;200;YarnChild;0;152;33909320165;30947209340
job_1430862599618_0035;attempt_1430862599618_0035_r_000002_0_30;;0.375;191;16;789;200;YarnChild;0;172;33916523734;30954400009
job_1430862599618_0035;attempt_1430862599618_0035_m_000025_0_31;;10.875;257;24;773;200;YarnChild;0;3420;33916523734;30954400009
job_1430862599618_0035;attempt_1430862599618_0035_m_000030_0_33;;13.625;252;50;783;200;YarnChild;0;4172;33916523734;30954400009
job_1430862599618_0035;attempt_1430862599618_0035_m_000031_0_36;;12.25;256;34;789;200;YarnChild;0;2464;33916523734;30954400009
job_1430862599618_0035;attempt_1430862599618_0035_m_000038_0_42;;12.5;258;46;783;200;YarnChild;0;152;33916523734;30954400009
job_1430862599618_0035;attempt_1430862599618_0035_m_000036_0_40;;12.75;260;45;773;200;YarnChild;0;896;33916523734;30954400009
job_1430862599618_0035;attempt_1430862599618_0035_m_000025_1_46;;9.75;256;48;773;200;YarnChild;0;152;33916586417;30954462692
job_1430862599618_0035;attempt_1430862599618_0035_r_000002_0_30;;0.0;191;16;789;200;YarnChild;0;172;33937382418;30975246398
job_1430862599618_0035;attempt_1430862599618_0035_m_000025_0_31;;20.0;257;24;773;200;YarnChild;0;3420;33937382418;30975246398
job_1430862599618_0035;attempt_1430862599618_0035_m_000030_0_33;;22.0;252;50;783;200;YarnChild;0;4172;33937510092;30975374072
job_1430862599618_0035;attempt_1430862599618_0035_m_000031_0_36;;24.5;256;34;789;200;YarnChild;0;3788;33937510092;30975374072
job_1430862599618_0035;attempt_1430862599618_0035_m_000038_0_42;;23.5;259;46;783;200;YarnChild;0;416;33937510092;30975374072
job_1430862599618_0035;attempt_1430862599618_0035_m_000036_0_40;;22.5;260;45;773;200;YarnChild;0;1788;33937510092;30975374072
job_1430862599618_0035;attempt_1430862599618_0035_m_000025_1_46;;19.25;256;48;773;200;YarnChild;0;152;33937510092;30975374072
job_1430862599618_0035;attempt_1430862599618_0035_r_000002_0_30;;0.0;191;16;789;200;YarnChild;0;172;33962987632;31000838916
job_1430862599618_0035;attempt_1430862599618_0035_m_000025_0_31;;14.375;257;24;773;200;YarnChild;0;3424;33962987632;31000838916
job_1430862599618_0035;attempt_1430862599618_0035_m_000030_0_33;;11.875;252;50;783;200;YarnChild;0;4176;33963053219;31000904503
job_1430862599618_0035;attempt_1430862599618_0035_m_000031_0_36;;10.875;256;34;789;200;YarnChild;0;3788;33963053219;31000904503
job_1430862599618_0035;attempt_1430862599618_0035_m_000038_0_42;;11.375;259;46;783;200;YarnChild;0;1672;33963181541;31001032825
job_1430862599618_0035;attempt_1430862599618_0035_m_000036_0_40;;13.5;260;45;773;200;YarnChild;0;3196;33963181541;31001032825
job_1430862599618_0035;attempt_1430862599618_0035_m_000025_1_46;;9.25;256;48;773;200;YarnChild;0;152;33963181541;31001032825
job_1430862599618_0035;attempt_1430862599618_0035_r_000002_0_30;;0.5;191;16;789;200;YarnChild;0;184;33989942071;31027782619
job_1430862599618_0035;attempt_1430862599618_0035_m_000025_0_31;;22.25;257;24;773;200;YarnChild;0;3444;33989942071;31027782619
job_1430862599618_0035;attempt_1430862599618_0035_m_000030_0_33;;21.0;252;50;783;200;YarnChild;0;4176;33990007658;31027848206
job_1430862599618_0035;attempt_1430862599618_0035_m_000031_0_36;;25.75;256;34;789;200;YarnChild;0;3792;33990007658;31027848206
job_1430862599618_0035;attempt_1430862599618_0035_m_000038_0_42;;25.0;259;46;783;200;YarnChild;0;3024;33990133024;31027973572
job_1430862599618_0035;attempt_1430862599618_0035_m_000036_0_40;;28.75;260;45;773;200;YarnChild;0;3196;33990133024;31027973572
job_1430862599618_0035;attempt_1430862599618_0035_m_000025_1_46;;16.25;260;48;773;200;YarnChild;0;152;33990133024;31027973572
job_1430862599618_0035;attempt_1430862599618_0035_r_000002_0_30;;0.25;191;16;789;200;YarnChild;0;184;34018866875;31051043860
job_1430862599618_0035;attempt_1430862599618_0035_m_000025_0_31;;11.375;257;24;773;200;YarnChild;0;3444;34018866875;31051043860
job_1430862599618_0035;attempt_1430862599618_0035_m_000030_0_33;;14.0;252;50;783;200;YarnChild;0;4176;34018866875;31051043860
job_1430862599618_0035;attempt_1430862599618_0035_m_000031_0_36;;12.125;256;34;789;200;YarnChild;0;3792;34018866875;31051043860
job_1430862599618_0035;attempt_1430862599618_0035_m_000038_0_42;;13.5;259;46;783;200;YarnChild;0;3024;34018936639;31051109523
job_1430862599618_0035;attempt_1430862599618_0035_m_000036_0_40;;12.25;260;45;773;200;YarnChild;0;3200;34018936639;31051109523
job_1430862599618_0035;attempt_1430862599618_0035_m_000025_1_46;;9.0;259;48;773;200;YarnChild;0;152;34018936691;31051109523
job_1430862599618_0035;attempt_1430862599618_0035_m_000027_1_47;;2.79547402329e-09;23;23;705;200;YarnChild;0;32;34019068405;31051237869
job_1430862599618_0035;attempt_1430862599618_0035_r_000002_0_30;;1.75;221;16;789;200;YarnChild;0;196;34036133494;31065471122
job_1430862599618_0035;attempt_1430862599618_0035_m_000025_0_31;;22.0;257;24;773;200;YarnChild;0;3444;34036133494;31065471122
job_1430862599618_0035;attempt_1430862599618_0035_m_000030_0_33;;22.0;252;50;783;200;YarnChild;0;4176;34036133494;31065471122
job_1430862599618_0035;attempt_1430862599618_0035_m_000031_0_36;;17.75;256;34;789;200;YarnChild;0;3792;34036196177;31065533805
job_1430862599618_0035;attempt_1430862599618_0035_m_000038_0_42;;20.75;259;46;783;200;YarnChild;0;3028;34036196177;31065533805
job_1430862599618_0035;attempt_1430862599618_0035_m_000036_0_40;;22.5;260;45;773;200;YarnChild;0;3200;34036196177;31065533805
job_1430862599618_0035;attempt_1430862599618_0035_m_000025_1_46;;19.5;258;48;773;200;YarnChild;0;152;34036196177;31065533805
job_1430862599618_0035;attempt_1430862599618_0035_m_000027_1_47;;20.25;67;23;734;200;YarnChild;0;32;34036261764;31065599392
job_1430862599618_0035;attempt_1430862599618_0035_r_000002_0_30;;0.375;221;16;789;200;YarnChild;0;196;34044569592;31070645824
job_1430862599618_0035;attempt_1430862599618_0035_m_000025_0_31;;11.125;257;24;773;200;YarnChild;0;3444;34044569592;31070645824
job_1430862599618_0035;attempt_1430862599618_0035_m_000030_0_33;;12.375;252;50;783;200;YarnChild;0;4184;34044569592;31070645824
job_1430862599618_0035;attempt_1430862599618_0035_m_000031_0_36;;8.375;256;34;789;200;YarnChild;0;3800;34044569592;31070645824
job_1430862599618_0035;attempt_1430862599618_0035_m_000038_0_42;;9.375;259;46;783;200;YarnChild;0;3048;34044569592;31070645824
job_1430862599618_0035;attempt_1430862599618_0035_m_000036_0_40;;11.375;260;45;773;200;YarnChild;0;3208;34044569592;31070645824
job_1430862599618_0035;attempt_1430862599618_0035_m_000025_1_46;;9.875;258;48;773;200;YarnChild;0;152;34044569592;31070645824
job_1430862599618_0035;attempt_1430862599618_0035_m_000027_1_47;;9.0;85;23;736;200;YarnChild;0;36;34044569592;31070645824
job_1430862599618_0035;attempt_1430862599618_0035_r_000002_0_30;;0.5;221;16;789;200;YarnChild;0;196;34048906666;31072508701
job_1430862599618_0035;attempt_1430862599618_0035_m_000025_0_31;;20.25;257;24;773;200;YarnChild;0;3444;34048906666;31072508701
job_1430862599618_0035;attempt_1430862599618_0035_m_000030_0_33;;20.0;252;50;783;200;YarnChild;0;4196;34048906666;31072508701
job_1430862599618_0035;attempt_1430862599618_0035_m_000031_0_36;;20.5;256;34;789;200;YarnChild;0;3800;34048906666;31072508701
job_1430862599618_0035;attempt_1430862599618_0035_m_000038_0_42;;17.5;259;46;783;200;YarnChild;0;3048;34048906666;31072508701
job_1430862599618_0035;attempt_1430862599618_0035_m_000036_0_40;;20.5;260;45;773;200;YarnChild;0;3208;34048906666;31072508701
job_1430862599618_0035;attempt_1430862599618_0035_m_000025_1_46;;19.5;258;48;773;200;YarnChild;0;152;34048906666;31072508701
job_1430862599618_0035;attempt_1430862599618_0035_m_000027_1_47;;17.0;103;23;741;200;YarnChild;0;36;34048906666;31072508701
job_1430862599618_0035;attempt_1430862599618_0035_r_000002_0_30;;0.125;221;16;789;200;YarnChild;0;196;34048957111;31072546045
job_1430862599618_0035;attempt_1430862599618_0035_m_000025_0_31;;11.0;257;24;773;200;YarnChild;0;3444;34048957111;31072546045
job_1430862599618_0035;attempt_1430862599618_0035_m_000030_0_33;;10.0;252;50;783;200;YarnChild;0;4988;34048957111;31072546045
job_1430862599618_0035;attempt_1430862599618_0035_m_000031_0_36;;11.0;256;34;789;200;YarnChild;0;3812;34048957111;31072546412
job_1430862599618_0035;attempt_1430862599618_0035_m_000038_0_42;;9.5;259;46;783;200;YarnChild;0;3048;34048957111;31072546412
job_1430862599618_0035;attempt_1430862599618_0035_m_000036_0_40;;10.625;260;45;773;200;YarnChild;0;3220;34048957549;31072546478
job_1430862599618_0035;attempt_1430862599618_0035_m_000025_1_46;;12.25;258;48;773;200;YarnChild;0;152;34048957549;31072546478
job_1430862599618_0035;attempt_1430862599618_0035_m_000027_1_47;;9.375;132;23;767;200;YarnChild;0;36;34048957549;31072546478
job_1430862599618_0035;attempt_1430862599618_0035_r_000002_0_30;;0.75;221;16;789;200;YarnChild;0;196;34049006623;31072580934
job_1430862599618_0035;attempt_1430862599618_0035_m_000025_0_31;;20.25;257;24;773;200;YarnChild;0;5076;34049006623;31072580934
job_1430862599618_0035;attempt_1430862599618_0035_m_000030_0_33;;22.25;252;50;783;200;YarnChild;0;7424;34049006623;31072580934
job_1430862599618_0035;attempt_1430862599618_0035_m_000031_0_36;;24.5;256;34;789;200;YarnChild;0;3812;34049006623;31072580934
job_1430862599618_0035;attempt_1430862599618_0035_m_000038_0_42;;20.75;259;46;783;200;YarnChild;0;3048;34049006623;31072580934
job_1430862599618_0035;attempt_1430862599618_0035_m_000036_0_40;;20.75;260;45;773;200;YarnChild;0;3220;34049006623;31072580934
job_1430862599618_0035;attempt_1430862599618_0035_m_000025_1_46;;14.75;258;48;773;200;YarnChild;0;152;34049006623;31072580934
job_1430862599618_0035;attempt_1430862599618_0035_m_000027_1_47;;16.75;139;23;767;200;YarnChild;0;36;34049006623;31072580934
job_1430862599618_0035;attempt_1430862599618_0035_r_000002_0_30;;0.0;221;16;789;200;YarnChild;0;196;34052687436;31076249698
job_1430862599618_0035;attempt_1430862599618_0035_m_000025_0_31;;10.625;257;24;773;200;YarnChild;0;6636;34052753023;31076315285
job_1430862599618_0035;attempt_1430862599618_0035_m_000030_0_33;;6.75;250;50;783;200;YarnChild;0;7836;34052753023;31076315285
job_1430862599618_0035;attempt_1430862599618_0035_m_000031_0_36;;10.25;256;34;789;200;YarnChild;0;4880;34052753023;31076315285
job_1430862599618_0035;attempt_1430862599618_0035_m_000038_0_42;;10.0;259;46;783;200;YarnChild;0;3048;34052753023;31076315285
job_1430862599618_0035;attempt_1430862599618_0035_m_000036_0_40;;10.125;260;45;773;200;YarnChild;0;3788;34052753023;31076315285
job_1430862599618_0035;attempt_1430862599618_0035_m_000025_1_46;;11.0;258;48;773;200;YarnChild;0;152;34052753023;31076315285
job_1430862599618_0035;attempt_1430862599618_0035_m_000027_1_47;;10.25;139;23;767;200;YarnChild;0;36;34052753023;31076315285
job_1430862599618_0035;attempt_1430862599618_0035_r_000002_0_30;;1.0;221;16;789;200;YarnChild;0;196;34065362218;31088909839
job_1430862599618_0035;attempt_1430862599618_0035_m_000025_0_31;;20.75;257;24;773;200;YarnChild;0;6636;34065490488;31089038109
job_1430862599618_0035;attempt_1430862599618_0035_m_000030_0_33;;17.25;250;50;783;200;YarnChild;0;7836;34065556075;31089103696
job_1430862599618_0035;attempt_1430862599618_0035_m_000031_0_36;;19.75;256;34;789;200;YarnChild;0;6896;34065556075;31089103696
job_1430862599618_0035;attempt_1430862599618_0035_m_000038_0_42;;20.5;259;46;783;200;YarnChild;0;3048;34065556075;31089103696
job_1430862599618_0035;attempt_1430862599618_0035_m_000036_0_40;;15.5;260;45;773;200;YarnChild;0;5316;34065556075;31089103696
job_1430862599618_0035;attempt_1430862599618_0035_m_000025_1_46;;24.25;258;48;773;200;YarnChild;0;152;34065556075;31089103696
job_1430862599618_0035;attempt_1430862599618_0035_m_000027_1_47;;15.75;148;23;768;200;YarnChild;0;152;34065621662;31089169283
job_1430862599618_0035;attempt_1430862599618_0035_r_000002_0_30;;0.0;221;16;789;200;YarnChild;0;196;34086220743;31109755657
job_1430862599618_0035;attempt_1430862599618_0035_m_000025_0_31;;20.25;257;24;773;200;YarnChild;0;6636;34086220743;31109755657
job_1430862599618_0035;attempt_1430862599618_0035_m_000030_0_33;;23.75;251;50;783;200;YarnChild;0;7836;34086220743;31109755657
job_1430862599618_0035;attempt_1430862599618_0035_m_000031_0_36;;21.75;256;34;789;200;YarnChild;0;7248;34086220743;31109755657
job_1430862599618_0035;attempt_1430862599618_0035_m_000038_0_42;;17.5;259;46;783;200;YarnChild;0;3552;34086220743;31109755657
job_1430862599618_0035;attempt_1430862599618_0035_m_000036_0_40;;17.5;260;45;773;200;YarnChild;0;6528;34086220743;31109755657
job_1430862599618_0035;attempt_1430862599618_0035_m_000025_1_46;;19.25;259;48;773;200;YarnChild;0;192;34086220743;31109755657
job_1430862599618_0035;attempt_1430862599618_0035_m_000027_1_47;;15.25;151;23;771;200;YarnChild;0;152;34086220743;31109755657
job_1430862599618_0035;attempt_1430862599618_0035_r_000002_0_30;;0.25;221;16;789;200;YarnChild;0;196;34104297195;31126965535
job_1430862599618_0035;attempt_1430862599618_0035_m_000025_0_31;;8.75;257;24;773;200;YarnChild;0;6636;34104297195;31126965535
job_1430862599618_0035;attempt_1430862599618_0035_m_000030_0_33;;11.0;251;50;783;200;YarnChild;0;7836;34104297195;31126965535
job_1430862599618_0035;attempt_1430862599618_0035_m_000031_0_36;;10.25;256;34;789;200;YarnChild;0;7248;34104297195;31126965535
job_1430862599618_0035;attempt_1430862599618_0035_m_000038_0_42;;9.75;259;46;783;200;YarnChild;0;4688;34104297195;31126965535
job_1430862599618_0035;attempt_1430862599618_0035_m_000036_0_40;;10.125;261;45;773;200;YarnChild;0;6528;34104297195;31126965535
job_1430862599618_0035;attempt_1430862599618_0035_m_000025_1_46;;8.75;259;48;773;200;YarnChild;0;1244;34104297195;31126965535
job_1430862599618_0035;attempt_1430862599618_0035_m_000027_1_47;;8.625;253;23;773;200;YarnChild;0;152;34104297195;31126965535
job_1430862599618_0035;attempt_1430862599618_0035_r_000002_0_30;;0.25;221;16;789;200;YarnChild;0;196;34120057431;31141734694
job_1430862599618_0035;attempt_1430862599618_0035_m_000025_0_31;;21.25;257;24;773;200;YarnChild;0;6636;34120057431;31141734694
job_1430862599618_0035;attempt_1430862599618_0035_m_000030_0_33;;21.25;251;50;783;200;YarnChild;0;7836;34120057431;31141734694
job_1430862599618_0035;attempt_1430862599618_0035_m_000031_0_36;;20.0;256;34;789;200;YarnChild;0;7248;34120057431;31141734694
job_1430862599618_0035;attempt_1430862599618_0035_m_000038_0_42;;18.5;259;46;783;200;YarnChild;0;4968;34120185701;31141862964
job_1430862599618_0035;attempt_1430862599618_0035_m_000036_0_40;;17.0;261;45;773;200;YarnChild;0;6528;34120185701;31141863096
job_1430862599618_0035;attempt_1430862599618_0035_m_000025_1_46;;17.25;260;48;773;200;YarnChild;0;2244;34120257709;31141863096
job_1430862599618_0035;attempt_1430862599618_0035_m_000027_1_47;;17.75;253;23;773;200;YarnChild;0;152;34120257709;31141863096
job_1430862599618_0035;attempt_1430862599618_0035_r_000002_0_30;;0.375;221;16;789;200;YarnChild;0;196;34137811929;31153367225
job_1430862599618_0035;attempt_1430862599618_0035_m_000025_0_31;;8.875;257;24;773;200;YarnChild;0;6636;34137883937;31153367357
job_1430862599618_0035;attempt_1430862599618_0035_m_000030_0_33;;10.75;251;50;783;200;YarnChild;0;7836;34137883937;31153367357
job_1430862599618_0035;attempt_1430862599618_0035_m_000031_0_36;;8.875;256;34;789;200;YarnChild;0;7248;34137946620;31153430040
job_1430862599618_0035;attempt_1430862599618_0035_m_000038_0_42;;8.875;259;46;783;200;YarnChild;0;4968;34137946620;31153430040
job_1430862599618_0035;attempt_1430862599618_0035_m_000036_0_40;;8.625;261;45;773;200;YarnChild;0;6528;34137946620;31153430040
job_1430862599618_0035;attempt_1430862599618_0035_m_000025_1_46;;10.625;260;48;773;200;YarnChild;0;3420;34137946620;31153430040
job_1430862599618_0035;attempt_1430862599618_0035_m_000027_1_47;;10.75;257;23;773;200;YarnChild;0;152;34137946620;31153430040
job_1430862599618_0035;attempt_1430862599618_0035_r_000002_0_30;;0.0;221;16;789;200;YarnChild;0;196;34152770547;31162815273
job_1430862599618_0035;attempt_1430862599618_0035_m_000025_0_31;;20.5;257;24;773;200;YarnChild;0;6636;34152770547;31162815273
job_1430862599618_0035;attempt_1430862599618_0035_m_000030_0_33;;21.5;251;50;783;200;YarnChild;0;7836;34152908142;31162880992
job_1430862599618_0035;attempt_1430862599618_0035_m_000031_0_36;;21.5;256;34;789;200;YarnChild;0;7248;34152908142;31162880992
job_1430862599618_0035;attempt_1430862599618_0035_m_000038_0_42;;18.25;259;46;783;200;YarnChild;0;4968;34152908142;31162880992
job_1430862599618_0035;attempt_1430862599618_0035_m_000036_0_40;;18.0;261;45;773;200;YarnChild;0;6528;34152908142;31162880992
job_1430862599618_0035;attempt_1430862599618_0035_m_000025_1_46;;20.25;260;48;773;200;YarnChild;0;3420;34152908142;31162880992
job_1430862599618_0035;attempt_1430862599618_0035_m_000027_1_47;;16.0;256;23;773;200;YarnChild;0;152;34152908142;31162880992
job_1430862599618_0035;attempt_1430862599618_0035_r_000002_0_30;;0.375;221;16;789;200;YarnChild;0;196;34163774125;31169207477
job_1430862599618_0035;attempt_1430862599618_0035_m_000025_0_31;;10.875;257;24;773;200;YarnChild;0;6636;34163774125;31169207477
job_1430862599618_0035;attempt_1430862599618_0035_m_000030_0_33;;13.875;251;50;783;200;YarnChild;0;7836;34163774125;31169207477
job_1430862599618_0035;attempt_1430862599618_0035_m_000031_0_36;;9.375;256;34;789;200;YarnChild;0;7248;34163774125;31169207477
job_1430862599618_0035;attempt_1430862599618_0035_m_000038_0_42;;10.625;259;46;783;200;YarnChild;0;4968;34163774125;31169207477
job_1430862599618_0035;attempt_1430862599618_0035_m_000036_0_40;;11.5;261;45;773;200;YarnChild;0;6528;34163774125;31169207477
job_1430862599618_0035;attempt_1430862599618_0035_m_000025_1_46;;9.5;260;48;773;200;YarnChild;0;3440;34163938347;31169335827
job_1430862599618_0035;attempt_1430862599618_0035_m_000027_1_47;;8.125;256;23;773;200;YarnChild;0;152;34163938347;31169335827
job_1430862599618_0035;attempt_1430862599618_0035_r_000002_0_30;;0.0;221;16;789;200;YarnChild;0;196;34170532264;31172647392
job_1430862599618_0035;attempt_1430862599618_0035_m_000025_0_31;;22.25;257;24;773;200;YarnChild;0;6636;34170532264;31172647392
job_1430862599618_0035;attempt_1430862599618_0035_m_000030_0_33;;20.25;251;50;783;200;YarnChild;0;7836;34170532264;31172647392
job_1430862599618_0035;attempt_1430862599618_0035_m_000031_0_36;;19.5;256;34;789;200;YarnChild;0;7248;34170532264;31172647392
job_1430862599618_0035;attempt_1430862599618_0035_m_000038_0_42;;21.0;259;46;783;200;YarnChild;0;4968;34170532264;31172647392
job_1430862599618_0035;attempt_1430862599618_0035_m_000036_0_40;;16.0;261;45;773;200;YarnChild;0;6528;34170532264;31172647392
job_1430862599618_0035;attempt_1430862599618_0035_m_000025_1_46;;20.0;260;48;773;200;YarnChild;0;3448;34170532264;31172647392
job_1430862599618_0035;attempt_1430862599618_0035_m_000027_1_47;;17.25;256;23;773;200;YarnChild;0;152;34170532264;31172647392
job_1430862599618_0035;attempt_1430862599618_0035_r_000002_0_30;;0.75;221;16;789;200;YarnChild;0;196;34174044575;31174098158
job_1430862599618_0035;attempt_1430862599618_0035_m_000025_0_31;;19.0;257;24;773;200;YarnChild;0;6760;34174044575;31174098158
job_1430862599618_0035;attempt_1430862599618_0035_m_000030_0_33;;18.75;251;50;783;200;YarnChild;0;9700;34174044575;31174098158
job_1430862599618_0035;attempt_1430862599618_0035_m_000031_0_36;;20.25;256;34;789;200;YarnChild;0;7248;34174044575;31174098158
job_1430862599618_0035;attempt_1430862599618_0035_m_000038_0_42;;20.5;259;46;783;200;YarnChild;0;4968;34174044575;31174098158
job_1430862599618_0035;attempt_1430862599618_0035_m_000036_0_40;;18.5;261;45;773;200;YarnChild;0;6528;34174044575;31174098158
job_1430862599618_0035;attempt_1430862599618_0035_m_000025_1_46;;17.25;260;48;773;200;YarnChild;0;3448;34174044575;31174098158
job_1430862599618_0035;attempt_1430862599618_0035_m_000027_1_47;;16.75;256;23;773;200;YarnChild;0;152;34174044575;31174098158
job_1430862599618_0035;attempt_1430862599618_0035_r_000002_0_30;;0.25;221;16;789;200;YarnChild;0;196;34174654498;31174145415
job_1430862599618_0035;attempt_1430862599618_0035_m_000025_0_31;;10.25;257;24;773;200;YarnChild;0;8792;34174654498;31174145415
job_1430862599618_0035;attempt_1430862599618_0035_m_000030_0_33;;9.375;253;50;783;200;YarnChild;0;11232;34174654498;31174145415
job_1430862599618_0035;attempt_1430862599618_0035_m_000031_0_36;;9.75;256;34;789;200;YarnChild;0;7248;34174654498;31174145415
job_1430862599618_0035;attempt_1430862599618_0035_m_000038_0_42;;13.375;259;46;783;200;YarnChild;0;4968;34174654498;31174146131
job_1430862599618_0035;attempt_1430862599618_0035_m_000036_0_40;;8.875;261;45;773;200;YarnChild;0;6528;34174654498;31174146131
job_1430862599618_0035;attempt_1430862599618_0035_m_000025_1_46;;8.25;260;48;773;200;YarnChild;0;3448;34174654591;31174146197
job_1430862599618_0035;attempt_1430862599618_0035_m_000027_1_47;;8.75;256;23;773;200;YarnChild;0;152;34174654591;31174146197
job_1430862599618_0035;attempt_1430862599618_0035_r_000002_0_30;;0.0;221;16;789;200;YarnChild;0;196;34174704284;31174183590
job_1430862599618_0035;attempt_1430862599618_0035_m_000025_0_31;;17.0;259;24;773;200;YarnChild;0;9600;34174704284;31174183590
job_1430862599618_0035;attempt_1430862599618_0035_m_000030_0_33;;15.25;253;50;783;200;YarnChild;0;11232;34174704284;31174183590
job_1430862599618_0035;attempt_1430862599618_0035_m_000031_0_36;;19.5;256;34;789;200;YarnChild;0;9060;34174704284;31174183590
job_1430862599618_0035;attempt_1430862599618_0035_m_000038_0_42;;20.75;259;46;783;200;YarnChild;0;4968;34174704284;31174183590
job_1430862599618_0035;attempt_1430862599618_0035_m_000036_0_40;;20.0;261;45;773;200;YarnChild;0;6528;34174704284;31174183590
job_1430862599618_0035;attempt_1430862599618_0035_m_000025_1_46;;19.25;260;48;773;200;YarnChild;0;3448;34174704284;31174183590
job_1430862599618_0035;attempt_1430862599618_0035_m_000027_1_47;;22.75;256;23;773;200;YarnChild;0;152;34174704284;31174183590
job_1430862599618_0035;attempt_1430862599618_0035_r_000002_0_30;;0.25;221;16;789;200;YarnChild;0;196;34174753291;31174218279
job_1430862599618_0035;attempt_1430862599618_0035_m_000025_0_31;;9.875;259;24;773;200;YarnChild;0;9600;34174753291;31174218279
job_1430862599618_0035;attempt_1430862599618_0035_m_000030_0_33;;13.75;253;50;785;200;YarnChild;0;12672;34174753291;31174218279
job_1430862599618_0035;attempt_1430862599618_0035_m_000031_0_36;;8.5;256;34;789;200;YarnChild;0;10364;34174753291;31174218279
job_1430862599618_0035;attempt_1430862599618_0035_m_000038_0_42;;9.0;259;46;783;200;YarnChild;0;6136;34174753291;31174218279
job_1430862599618_0035;attempt_1430862599618_0035_m_000036_0_40;;9.0;261;45;773;200;YarnChild;0;6852;34174753291;31174218279
job_1430862599618_0035;attempt_1430862599618_0035_m_000025_1_46;;8.75;260;48;773;200;YarnChild;0;3448;34174753291;31174218279
job_1430862599618_0035;attempt_1430862599618_0035_m_000027_1_47;;9.375;256;23;773;200;YarnChild;0;152;34174753291;31174218279
job_1430862599618_0035;attempt_1430862599618_0035_r_000002_0_30;;0.25;221;16;789;200;YarnChild;0;196;34174803097;31174257126
job_1430862599618_0035;attempt_1430862599618_0035_m_000025_0_31;;25.5;259;24;773;200;YarnChild;0;11060;34174803097;31174257126
job_1430862599618_0035;attempt_1430862599618_0035_m_000030_0_33;;17.0;257;50;785;200;YarnChild;0;14664;34174803097;31174257126
job_1430862599618_0035;attempt_1430862599618_0035_m_000031_0_36;;19.75;256;34;789;200;YarnChild;0;10364;34174803097;31174257126
job_1430862599618_0035;attempt_1430862599618_0035_m_000038_0_42;;17.0;259;46;783;200;YarnChild;0;7372;34174803097;31174257126
job_1430862599618_0035;attempt_1430862599618_0035_m_000036_0_40;;17.75;261;45;773;200;YarnChild;0;8944;34174803097;31174257126
job_1430862599618_0035;attempt_1430862599618_0035_m_000025_1_46;;16.25;260;48;773;200;YarnChild;0;3448;34174803097;31174257126
job_1430862599618_0035;attempt_1430862599618_0035_m_000027_1_47;;22.0;256;23;773;200;YarnChild;0;152;34174803097;31174257126
job_1430862599618_0035;attempt_1430862599618_0035_r_000002_0_30;;0.25;221;16;789;200;YarnChild;0;216;34174852289;31174292167
job_1430862599618_0035;attempt_1430862599618_0035_m_000025_0_31;;16.0;259;24;775;200;YarnChild;0;11928;34174852289;31174292167
job_1430862599618_0035;attempt_1430862599618_0035_m_000030_0_33;;18.75;261;50;785;200;YarnChild;0;18712;34174852289;31174292167
job_1430862599618_0035;attempt_1430862599618_0035_m_000031_0_36;;22.75;256;34;789;200;YarnChild;0;10600;34174852289;31174292167
job_1430862599618_0035;attempt_1430862599618_0035_m_000038_0_42;;16.5;259;46;785;200;YarnChild;0;9100;34174852289;31174292167
job_1430862599618_0035;attempt_1430862599618_0035_m_000036_0_40;;21.5;261;45;773;200;YarnChild;0;10332;34174852289;31174292167
job_1430862599618_0035;attempt_1430862599618_0035_m_000025_1_46;;20.25;260;48;773;200;YarnChild;0;3448;34174852289;31174292167
job_1430862599618_0035;attempt_1430862599618_0035_m_000027_1_47;;20.75;256;23;773;200;YarnChild;0;152;34174852289;31174292167
job_1430862599618_0035;attempt_1430862599618_0035_r_000002_0_30;;0.125;221;16;789;200;YarnChild;0;216;34174901581;31174328752
job_1430862599618_0035;attempt_1430862599618_0035_m_000025_0_31;;8.375;265;24;775;200;YarnChild;0;15352;34174901581;31174328752
job_1430862599618_0035;attempt_1430862599618_0035_m_000030_0_33;;8.25;274;50;785;200;YarnChild;0;21392;34174901581;31174328752
job_1430862599618_0035;attempt_1430862599618_0035_m_000031_0_36;;10.125;256;34;791;200;YarnChild;0;12240;34174901581;31174328752
job_1430862599618_0035;attempt_1430862599618_0035_m_000038_0_42;;9.0;259;46;785;200;YarnChild;0;11880;34174901581;31174328752
job_1430862599618_0035;attempt_1430862599618_0035_m_000036_0_40;;9.125;261;45;773;200;YarnChild;0;10332;34174901581;31174328752
job_1430862599618_0035;attempt_1430862599618_0035_m_000025_1_46;;11.375;260;48;773;200;YarnChild;0;3456;34174901581;31174328752
job_1430862599618_0035;attempt_1430862599618_0035_m_000027_1_47;;9.875;256;23;773;200;YarnChild;0;204;34174901581;31174328752
job_1430862599618_0035;attempt_1430862599618_0035_r_000002_0_30;;0.875;233;16;789;200;YarnChild;0;224;34178064128;31183579028
job_1430862599618_0035;attempt_1430862599618_0035_m_000025_0_31;;13.0;284;24;776;200;YarnChild;0;18864;34178064128;31183579028
job_1430862599618_0035;attempt_1430862599618_0035_m_000031_0_36;;15.25;266;34;791;200;YarnChild;0;18344;34178064676;31183579168
job_1430862599618_0035;attempt_1430862599618_0035_m_000038_0_42;;9.0;259;46;785;200;YarnChild;0;11880;34174901581;31174328752
job_1430862599618_0035;attempt_1430862599618_0035_m_000036_0_40;;15.0;261;45;775;200;YarnChild;0;11920;34178064676;31183579168
job_1430862599618_0035;attempt_1430862599618_0035_m_000025_1_46;;13.0;260;48;773;200;YarnChild;0;5956;34178064676;31183579168
job_1430862599618_0035;attempt_1430862599618_0035_m_000027_1_47;;12.0;256;23;773;200;YarnChild;0;1688;34178064676;31183579168
job_1430862599618_0035;attempt_1430862599618_0035_r_000002_0_30;;0.25;233;16;789;200;YarnChild;0;224;34193310623;31200875317
job_1430862599618_0035;attempt_1430862599618_0035_m_000036_0_40;;38.75;286;45;775;200;YarnChild;0;20180;34193310623;31200875317
job_1430862599618_0035;attempt_1430862599618_0035_m_000027_1_47;;34.75;256;23;773;200;YarnChild;0;2904;34193310623;31200875317
job_1430862599618_0035;attempt_1430862599618_0035_r_000002_0_30;;0.5;233;16;789;200;YarnChild;0;228;34207941885;31215015033
job_1430862599618_0035;attempt_1430862599618_0035_m_000027_1_47;;44.75;256;23;773;200;YarnChild;0;2908;34207941885;31215015033
job_1430862599618_0035;attempt_1430862599618_0035_r_000002_0_30;;0.25;233;16;789;200;YarnChild;0;228;34210810031;31215037932
job_1430862599618_0035;attempt_1430862599618_0035_m_000027_1_47;;27.75;256;23;773;200;YarnChild;0;2908;34210810031;31215037932
job_1430862599618_0035;attempt_1430862599618_0035_r_000002_0_30;;0.25;233;16;789;200;YarnChild;0;228;34210824523;31215048884
job_1430862599618_0035;attempt_1430862599618_0035_m_000027_1_47;;27.75;256;23;773;200;YarnChild;0;4408;34210824523;31215048884
job_1430862599618_0035;attempt_1430862599618_0035_r_000002_0_30;;1.0;235;16;789;200;YarnChild;0;228;34221368434;31215080930
job_1430862599618_0035;attempt_1430862599618_0035_m_000027_1_47;;29.25;256;23;773;200;YarnChild;0;5728;34221368434;31215080930
job_1430862599618_0035;attempt_1430862599618_0035_r_000002_0_30;;0.0;235;16;789;200;YarnChild;0;228;34229917248;31215108737
job_1430862599618_0035;attempt_1430862599618_0035_m_000027_1_47;;38.75;256;23;773;200;YarnChild;0;5728;34229917248;31215108737
job_1430862599618_0035;attempt_1430862599618_0035_r_000002_0_30;;0.0;235;16;789;200;YarnChild;0;228;34229931751;31215119755
job_1430862599618_0035;attempt_1430862599618_0035_m_000027_1_47;;14.125;256;23;773;200;YarnChild;0;5728;34229931751;31215119755
job_1430862599618_0035;attempt_1430862599618_0035_r_000002_0_30;;0.25;235;16;789;200;YarnChild;0;228;34229946349;31215131251
job_1430862599618_0035;attempt_1430862599618_0035_m_000027_1_47;;28.0;256;23;773;200;YarnChild;0;7692;34229946349;31215131251
job_1430862599618_0035;attempt_1430862599618_0035_r_000002_0_30;;0.0;235;16;789;200;YarnChild;0;228;34232526101;31215148162
job_1430862599618_0035;attempt_1430862599618_0035_m_000027_1_47;;27.75;256;23;773;200;YarnChild;0;8420;34232526101;31215148162
job_1430862599618_0035;attempt_1430862599618_0035_r_000002_0_30;;1.25;235;16;789;200;YarnChild;0;228;34232540585;31215160070
job_1430862599618_0035;attempt_1430862599618_0035_m_000027_1_47;;32.0;261;23;775;200;YarnChild;0;14828;34232540585;31215160070
job_1430862599618_0035;attempt_1430862599618_0035_r_000002_0_30;;0.0;235;16;789;200;YarnChild;0;228;34232576523;31217405932
job_1430862599618_0035;attempt_1430862599618_0035_r_000002_0_30;;0.25;235;16;789;200;YarnChild;0;232;34234812448;31221858620
job_1430862599618_0035;attempt_1430862599618_0035_r_000002_0_30;;0.25;235;16;789;200;YarnChild;0;232;34234821168;31221866455
job_1430862599618_0035;attempt_1430862599618_0035_r_000002_0_30;;0.0;235;16;789;200;YarnChild;0;232;34234829783;31221873438
job_1430862599618_0035;attempt_1430862599618_0035_r_000002_0_30;;0.25;235;16;789;200;YarnChild;0;232;34236925498;31221889084
job_1430862599618_0035;attempt_1430862599618_0035_r_000002_0_30;;14.25;249;16;789;200;YarnChild;0;2808;34245993061;31221923684
job_1430862599618_0035;attempt_1430862599618_0035_r_000002_0_30;;26.0;249;16;789;200;YarnChild;0;26964;34251557206;31221952072
job_1430862599618_0035;attempt_1430862599618_0035_r_000002_0_30;;26.25;249;16;789;200;YarnChild;0;49444;34251565561;31221958081
job_1430862599618_0035;attempt_1430862599618_0035_r_000002_0_30;;13.5;249;16;789;200;YarnChild;0;72140;34251573842;31221964950
job_1430862599618_0035;attempt_1430862599618_0035_r_000002_0_30;;26.5;249;16;789;200;YarnChild;0;94920;34251582084;31221971460
job_1430862599618_0035;attempt_1430862599618_0035_r_000002_0_30;;50.0;263;16;802;200;YarnChild;0;104984;34252769705;31224329286
job_1430862599618_0035;attempt_1430862599618_0035_r_000002_0_30;;43.0;268;16;800;200;YarnChild;0;104984;34259119666;31236986331
job_1430862599618_0035;attempt_1430862599618_0035_r_000002_0_30;;38.75;256;16;791;200;YarnChild;0;104984;34263705274;31246128193
job_1430862599618_0035;attempt_1430862599618_0035_r_000002_0_30;;36.75;259;16;791;200;YarnChild;0;105004;34269009492;31256709200
job_1430862599618_0035;attempt_1430862599618_0035_r_000002_0_30;;39.5;259;16;791;200;YarnChild;0;105004;34273463344;31265593478
job_1430862599618_0035;attempt_1430862599618_0035_r_000002_0_30;;45.0;259;16;791;200;YarnChild;0;105004;34276609513;31271866383
job_1430862599618_0035;attempt_1430862599618_0035_r_000002_0_30;;35.25;259;16;791;200;YarnChild;0;105004;34276617873;31271872725
job_1430862599618_0035;attempt_1430862599618_0035_r_000001_1_51;;2.98766272249e-08;96;96;737;200;YarnChild;0;36;34276721754;31308726484
job_1430862599618_0035;attempt_1430862599618_0035_r_000001_1_51;;62.75;144;96;768;200;YarnChild;0;156;34276730594;31308734598
job_1430862599618_0035;attempt_1430862599618_0035_r_000001_1_51;;21.125;259;96;779;200;YarnChild;0;3760;34384468111;31382254416
job_1430862599618_0035;attempt_1430862599618_0035_r_000001_1_51;;25.75;259;96;779;200;YarnChild;0;23300;34384475867;31382260383
job_1430862599618_0035;attempt_1430862599618_0035_r_000001_1_51;;26.25;259;96;779;200;YarnChild;0;40684;34384483714;31382266893
job_1430862599618_0035;attempt_1430862599618_0035_r_000001_1_51;;26.0;259;96;779;200;YarnChild;0;58236;34384491563;31382273214
job_1430862599618_0035;attempt_1430862599618_0035_r_000001_1_51;;25.75;259;96;779;200;YarnChild;0;75816;34384499412;31382279556
job_1430862599618_0035;attempt_1430862599618_0035_r_000001_1_51;;27.5;259;96;779;200;YarnChild;0;93216;34384507393;31382286965
job_1430862599618_0035;attempt_1430862599618_0035_r_000001_1_51;;50.5;267;96;781;200;YarnChild;0;104908;34385106992;31382951239
job_1430862599618_0035;attempt_1430862599618_0035_r_000001_1_51;;44.25;276;96;781;200;YarnChild;0;104908;34400026598;31398242807
job_1430862599618_0035;attempt_1430862599618_0035_r_000001_1_51;;40.25;280;96;781;200;YarnChild;0;104908;34409712873;31407915530
job_1430862599618_0035;attempt_1430862599618_0035_r_000001_1_51;;51.0;280;96;781;200;YarnChild;0;104908;34418422024;31416155927
job_1430862599618_0035;attempt_1430862599618_0035_r_000001_1_51;;28.75;280;96;781;200;YarnChild;0;104908;34420979666;31419816852
job_1430862599618_0035;attempt_1430862599618_0035_r_000001_1_51;;35.0;280;96;781;200;YarnChild;0;104908;34429822569;31429228907
job_1430862599618_0035;attempt_1430862599618_0035_r_000001_1_51;;48.0;270;96;781;200;YarnChild;0;104908;34434542314;31432245973
job_1430862599618_0035;attempt_1430862599618_0035_r_000001_1_51;;21.75;270;96;781;200;YarnChild;0;104916;34434612185;31432365828
job_1430862599618_0035;attempt_1430862599618_0035_r_000001_3_59;;1.53751058924e-08;72;72;737;200;YarnChild;0;32;34459866726;31565625420
job_1430862599618_0035;attempt_1430862599618_0035_r_000001_3_59;;56.5;137;72;784;200;YarnChild;0;40;34459880745;31579388628
job_1430862599618_0035;attempt_1430862599618_0035_r_000001_3_59;;56.5;288;72;797;200;YarnChild;0;192;34567610210;31652914749
job_1430862599618_0035;attempt_1430862599618_0035_r_000001_3_59;;30.75;289;72;797;200;YarnChild;0;17748;34567618168;31652921814
job_1430862599618_0035;attempt_1430862599618_0035_r_000001_3_59;;25.75;289;72;797;200;YarnChild;0;35064;34567626021;31652928324
job_1430862599618_0035;attempt_1430862599618_0035_r_000001_3_59;;26.0;285;72;793;200;YarnChild;0;53164;34567633873;31652934645
job_1430862599618_0035;attempt_1430862599618_0035_r_000001_3_59;;13.125;285;72;793;200;YarnChild;0;71092;34567641633;31652940612
job_1430862599618_0035;attempt_1430862599618_0035_r_000001_3_59;;26.0;285;72;793;200;YarnChild;0;89216;34567649599;31652947122
job_1430862599618_0035;attempt_1430862599618_0035_r_000001_3_59;;42.0;289;72;793;200;YarnChild;0;104908;34567659745;31652957639
job_1430862599618_0035;attempt_1430862599618_0035_r_000001_3_59;;50.5;291;72;793;200;YarnChild;0;104908;34577998363;31667189948
job_1430862599618_0035;attempt_1430862599618_0035_r_000001_3_59;;38.0;291;72;793;200;YarnChild;0;104908;34590304874;31677136061
job_1430862599618_0035;attempt_1430862599618_0035_r_000001_3_59;;51.25;287;72;793;200;YarnChild;0;104908;34599013501;31685895324
job_1430862599618_0035;attempt_1430862599618_0035_r_000001_3_59;;40.0;287;72;793;200;YarnChild;0;104908;34602949426;31686825701
job_1430862599618_0035;attempt_1430862599618_0035_r_000001_3_59;;33.25;280;72;793;200;YarnChild;0;104908;34610675023;31694018737
